91 114 15
16317
16318
21785
16320
21789
16319
16313
21790
16322
16316
16312
16323
16315
16327
16326
11899 9305 16330 1 32.82
11900 16330 11891 1 48.23
13964 10817 16315 1 1.37
13987 10834 10817 1 16.85
14004 10846 10834 1 6.68
14005 16315 10847 1 29.32
14026 10862 10846 1 9.57
14062 10847 16312 1 82.82
14117 16316 10862 1 20.38
14143 10956 10957 1 9.8
14149 10961 16316 1 11.95
14151 10963 10961 1 3.26
14158 10957 10963 1 9.11
14186 10986 10956 1 12.18
14188 10989 10986 1 3.04
14204 11002 10989 1 6.51
14208 11005 11002 1 12.01
14211 16317 11005 1 23.84
14267 11052 16317 1 17.27
14348 11114 11052 1 22.3
14360 11114 16322 1 44.83
14361 11125 11114 1 4.86
14430 11177 11052 1 30.89
14431 11177 11125 1 14.08
14461 11199 11177 1 6.68
14467 16320 11199 1 2.2
14499 11231 11125 1 59.4
14505 11199 11235 1 21.5
14533 11256 16320 1 18.85
14534 11235 11256 1 25.64
14540 11231 11235 1 45.79
14565 11256 16319 1 10.3
14583 11296 11231 1 22.03
14584 11297 16322 1 30.03
14615 11321 16321 1 11.81
14634 11336 11235 1 39.28
14687 16321 11382 1 29.3
14759 11440 11441 1 29.42
15018 21785 11640 1 36.76
15028 11382 11648 1 94.95
15145 16313 16318 1 78.11
15254 11822 16313 1 36.67
15344 11891 11822 1 55.31
15357 11901 9305 1 59.14
15482 21789 21790 1 78.88
15507 16329 16330 1 48.16
15628 16329 12092 1 82.83
15722 12168 12169 1 31.07
15766 12092 12202 1 62.88
15820 12243 16326 1 55.46
15821 12202 16326 1 68.93
15868 12281 16326 1 25.68
15892 16326 12297 1 11.99
15901 16327 12297 1 1.6
15904 12306 16325 1 62.04
15905 16325 12281 1 11.25
15920 12281 12297 1 23.82
20422 11297 17523 1 34.55
20423 16114 16115 1 103.01
20424 16116 16117 1 70.41
20425 16117 16114 1 63.28
20426 11901 11891 1 70.08
20427 12243 16117 1 84.11
20455 16137 16138 1 34.4
20456 16136 16138 1 35.87
20457 16139 16140 1 27.76
20458 16141 16142 1 111.83
20459 16142 16139 1 40.32
20460 16138 16143 1 61.69
20461 16143 16142 1 108.73
20463 16141 16312 1 47.41
20464 16144 16138 1 56.93
20465 16144 16143 1 40.54
20467 16142 16319 1 144.36
20468 11321 16146 1 22.43
20469 16147 16146 1 70.81
20470 16148 16149 1 24.15
20472 16151 11336 1 31.43
20473 16321 11440 1 26.31
20474 16143 16152 1 101.67
20475 16152 16147 1 66.99
20476 16144 21785 1 77.69
20477 21785 16152 1 136.06
20479 16153 16148 1 87.81
20480 16115 16148 1 78.19
20481 16115 21785 1 32.51
20482 16116 16153 1 43.49
20483 16152 11648 1 95.74
20484 16115 16155 1 41.66
20485 16156 21789 1 55.65
20486 16157 16116 1 69.75
20487 16114 16153 1 73.79
20488 16329 16114 1 122.84
20489 16158 16159 1 45.34
20490 12168 16158 1 63.25
20491 12169 16158 1 43.21
20492 16117 12202 1 91.39
20493 16160 16161 1 68.41
20494 16140 16162 1 9.22
20605 21789 16157 1 1.02
20608 16161 12169 1 1.54
20609 12169 12306 1 0.41
20610 16159 12243 1 0.01
20611 21790 12243 1 2.83
20612 11648 16318 1 0.01
20613 16155 11901 1 2.01
20614 11640 11901 1 10.71
20615 11441 11321 1 0.09
20616 16319 11441 1 3.11
20617 11440 16151 1 0.54
20618 16323 11440 1 28.91
20619 11435 11336 1 0.01
20620 11296 11297 1 18.48
20621 17523 11296 1 15.37
