192 242 48
20906
20966
20916
20934
20866
20968
20926
20774
20915
20835
20988
20909
20902
20921
20883
20931
20879
20912
20965
20840
20911
20884
20842
20993
20971
20922
20868
20992
20773
20969
20932
20941
20914
20943
20990
20876
20907
20785
20903
20887
20908
20997
20970
20913
20843
20837
20904
20964
14369 20897 11134 1 0.37
14371 20897 20901 1 23.41
14447 11188 20861 1 0.84
14448 11179 11188 1 3.11
14462 11200 20897 1 15.52
14475 20902 11211 1 25.04
14480 20861 20862 1 10.24
14484 20900 11200 1 12.68
14485 20920 11211 1 1.48
14491 11188 11224 1 18.1
14492 11224 20900 1 6.05
14495 11227 11228 1 6.28
14496 11228 11211 1 12.49
14506 20920 11236 1 14.95
14513 20862 20863 1 14.36
14518 11200 11245 1 16.59
14519 11245 11227 1 25.25
14536 11236 11258 1 6.57
14545 11258 11265 1 2.58
14568 20863 20870 1 11.92
14570 11224 11288 1 26.49
14571 11245 11288 1 10.06
14587 11288 20906 1 3.11
14602 11228 20912 1 24.23
14609 20869 20870 1 8.61
14610 20912 11288 1 35.85
14611 20852 20869 1 25.2
14612 11265 20921 1 12.51
14618 11265 11325 1 18.56
14622 11325 11327 1 3.69
14627 20923 20921 1 9.19
14628 11327 20923 1 3.06
14629 20926 11325 1 4.13
14630 20871 20903 1 11.53
14631 20871 20869 1 13.23
14635 11337 20912 1 26.6
14645 11347 11337 1 1.8
14646 20921 11347 1 11.93
14647 11348 11337 1 7.94
14650 20913 20912 1 16.87
14651 20913 11348 1 20.68
14652 11352 20926 1 9.88
14654 20922 11347 1 3.89
14661 20906 11361 1 22.64
14663 11363 20922 1 4.0
14664 11363 20926 1 21.08
14666 20871 20904 1 14.03
14667 11361 20904 1 1.15
14668 20904 21877 1 0.59
14672 20904 11366 1 1.25
14676 20904 20907 1 18.28
14677 20913 20907 1 17.5
14685 20927 11352 1 8.11
14691 11384 11352 1 9.42
14701 20913 20914 1 13.06
14702 20914 11348 1 18.48
14704 11366 11395 1 8.75
14705 11396 11363 1 10.58
14707 20904 11398 1 17.59
14711 20865 20837 1 25.55
14714 11397 20841 1 5.88
14715 20852 11405 1 35.12
14716 11405 20867 1 5.32
14717 11405 20865 1 8.07
14720 20865 11408 1 3.38
14722 11384 11410 1 11.31
14723 20932 11410 1 1.94
14724 11398 20910 1 4.67
14725 20914 20910 1 20.85
14731 20908 11398 1 9.56
14732 20914 20918 1 14.01
14733 20918 11396 1 23.12
14734 11366 20867 1 41.33
14737 11421 11396 1 6.91
14738 11421 20927 1 18.5
14739 11408 20864 1 7.48
14740 20872 11395 1 9.75
14742 11425 11410 1 4.78
14746 20928 20929 1 6.33
14747 20864 20842 1 4.65
14754 20924 11436 1 1.67
14757 11436 11439 1 6.54
14758 11384 11439 1 16.18
14760 20924 11442 1 3.11
14761 11442 11421 1 8.14
14762 20910 20911 1 9.09
14763 20914 20917 1 11.6
14764 11439 20930 1 5.25
14765 20929 20930 1 3.57
14766 11446 20911 1 1.99
14769 11449 11446 1 4.52
14770 20917 11449 1 7.49
14771 11450 11442 1 2.92
14772 11450 20924 1 3.08
14773 11410 11451 1 11.0
14778 20930 11451 1 7.93
14782 11451 11425 1 11.2
14783 20839 11457 1 16.18
14787 20842 11461 1 10.33
14788 20915 11446 1 5.91
14789 20843 20839 1 10.97
14790 11397 20843 1 18.07
14791 11461 20843 1 1.47
14794 20909 11395 1 18.2
14799 20865 20868 1 23.97
14800 11471 20843 1 1.2
14804 20866 20843 1 10.48
14805 20866 11408 1 16.01
14806 11475 20917 1 12.27
14808 11450 20925 1 6.77
14809 11477 20773 1 16.49
14810 11478 11451 1 6.58
14815 11457 11483 1 17.96
14818 20774 11477 1 2.37
14819 11483 20774 1 17.44
14821 20931 11478 1 5.5
14824 11471 20840 1 11.95
14825 11490 11450 1 14.39
14826 11490 20931 1 4.79
14831 11475 20919 1 8.26
14833 11451 11496 1 16.1
14836 11498 11475 1 7.79
14837 20925 11498 1 23.01
14841 11449 20916 1 13.99
14842 11502 20925 1 7.12
14843 11490 11502 1 15.07
14847 11505 11471 1 9.04
14848 11505 20866 1 11.44
14850 11507 11490 1 7.88
14851 11507 11478 1 8.83
14855 20911 11510 1 29.07
14857 20933 20909 1 12.06
14858 20961 11502 1 6.7
14860 11510 20933 1 3.69
14862 11515 20933 1 6.87
14864 11410 20989 1 38.4
14865 20868 20884 1 13.71
14876 20884 20887 1 17.48
14878 20887 11515 1 16.04
14879 20783 20774 1 22.49
14880 20883 11529 1 9.65
14882 11498 20960 1 11.49
14883 20960 20961 1 12.87
14886 20967 11507 1 8.43
14887 11534 11505 1 9.33
14888 11534 20877 1 0.27
14889 11534 20883 1 18.54
14890 20942 20960 1 10.21
14892 20884 11529 1 1.72
14893 20916 11538 1 18.07
14894 11538 20942 1 3.28
14898 11542 11502 1 17.44
14899 20989 11543 1 8.7
14903 20840 20838 1 16.35
14909 11551 11538 1 3.7
14910 20941 11551 1 10.03
14911 11553 11523 1 21.68
14912 11553 20783 1 6.2
14913 11515 11554 1 12.04
14914 11555 11534 1 7.82
14915 20934 20941 1 15.64
14916 11510 20934 1 20.01
14918 20989 20988 1 11.01
14919 20988 11543 1 10.03
14922 11555 20876 1 3.51
14924 20962 20967 1 15.42
14925 20886 20887 1 10.56
14926 11565 11523 1 11.58
14935 20988 20968 1 19.43
14937 11575 20886 1 3.97
14938 11576 11553 1 28.13
14940 20934 20943 1 21.86
14941 11538 20943 1 10.54
14944 20785 11553 1 9.12
14948 20968 11584 1 5.83
14949 11584 20967 1 18.69
14953 20963 20962 1 12.81
14957 20878 20876 1 11.87
14959 11593 20943 1 5.04
14960 11593 11542 1 20.4
14964 20786 11576 1 6.56
14968 20875 11576 1 25.6
14969 20875 11555 1 27.67
14973 20943 11604 1 9.33
14974 11604 11593 1 6.84
14976 11606 20988 1 15.57
14977 11606 20990 1 6.95
14980 20946 11593 1 7.95
14982 20965 20963 1 10.4
14984 20965 11612 1 1.28
14986 11612 21894 1 0.55
14989 20785 11616 1 23.83
14990 11616 20786 1 7.39
14994 20879 20878 1 10.35
14996 20879 11622 1 0.94
14997 11622 20875 1 17.48
14998 11623 11584 1 14.37
15001 20991 11606 1 5.7
15003 11627 11622 1 8.45
15006 20969 11623 1 3.35
15007 11612 20946 1 24.01
15012 20873 11616 1 5.73
15021 11623 20991 1 33.93
15024 20995 20996 1 9.12
15029 11649 20873 1 4.11
15030 11649 20875 1 27.86
15035 11623 20965 1 39.42
15048 11661 20993 1 1.04
15049 11661 20995 1 18.49
15050 20996 11661 1 17.02
15051 11661 20991 1 18.64
15052 11663 20965 1 19.24
15057 20946 20964 1 26.01
15058 20964 11663 1 2.18
15062 20997 20996 1 9.32
15087 11687 11663 1 7.59
15088 11663 20966 1 15.83
15089 11687 20966 1 11.43
15093 20971 11623 1 28.16
15099 11696 20971 1 3.73
15100 11696 20992 1 7.42
15102 11699 11661 1 15.62
15107 11649 11703 1 21.71
15108 20966 20970 1 23.85
15109 11705 20997 1 13.72
15110 20992 11699 1 12.36
15113 11696 11708 1 2.69
15114 20970 11708 1 8.9
15123 11708 11716 1 1.7
15124 11716 20999 1 1.0
15143 11716 11732 1 18.48
15144 11732 11699 1 9.63
20132 20773 15864 1 22.24
20133 15865 15866 1 23.63
20134 15867 15865 1 33.84
20135 20773 15868 1 17.27
20136 20835 15867 1 20.95
20138 15864 15872 1 17.34
20139 15864 20835 1 16.61
29653195 21877 11366 1 0.82
29653208 21894 20965 1 0.99
29653269 20835 11397 1 11.44
