207 210 18
21917
17590
17583
21972
21918
21920
21794
21965
21936
17584
21934
17754
17586
21955
21798
17591
17589
21939
14891 11537 11434 1 30.02
14954 11588 11537 1 17.43
15009 11632 11588 1 14.75
15045 11659 11632 1 12.33
15216 16324 11659 1 44.89
15458 11970 16324 1 96.65
15652 12112 11970 1 72.88
15718 12163 12164 1 86.61
15730 12175 11934 1 60.95
15763 12199 12163 1 37.15
15783 12105 12215 1 27.22
15814 12238 12112 1 41.2
15849 12266 12238 1 16.98
15884 11970 21934 1 81.19
15918 12320 12321 1 2.91
15923 12325 12320 1 3.21
15937 12321 12337 1 4.91
15941 12164 12340 1 76.94
16004 12429 12430 1 10.19
16032 12470 12325 1 5.98
16042 12337 12480 1 6.17
16043 12215 12480 1 27.24
16055 12470 12489 1 9.14
16058 12492 12175 1 48.38
16059 12492 12493 1 0.56
16060 12340 12492 1 8.59
16064 12489 12497 1 1.05
16069 17582 12480 1 6.55
16086 12514 17582 1 2.75
16088 12514 12516 1 1.26
16090 12516 12199 1 85.93
16098 12497 12523 1 79.67
16099 12523 12524 1 1.53
16113 12535 12536 1 1.15
16115 12538 12539 1 1.21
16116 12524 12535 1 18.44
16117 12536 12538 1 38.19
16119 12541 12542 1 1.19
16120 12539 12541 1 5.82
16147 12560 12266 1 88.65
16261 12542 17581 1 24.88
16265 12493 12650 1 76.21
16269 21935 12560 1 17.34
16308 12650 12678 1 6.69
16349 12707 21935 1 11.17
16350 17581 12707 1 17.63
16364 12717 12492 1 42.66
16431 12758 21794 1 125.23
16438 12430 12470 1 56.01
16518 17585 12812 1 71.96
16527 12818 12707 1 51.3
16558 12840 12717 1 36.25
16573 12849 12429 1 14.52
16603 12874 12849 1 4.15
16607 12758 12877 1 28.75
16635 12812 12897 1 34.44
16644 12897 12906 1 3.27
16728 12973 12874 1 18.1
16801 12906 13030 1 54.59
16827 13050 12840 1 36.25
16910 13103 12818 1 89.45
16920 13112 12973 1 31.83
16935 13030 13124 1 48.04
16941 13127 13050 1 24.32
16963 12877 13143 1 51.18
16986 13162 13112 1 9.13
17202 13310 13103 1 90.92
17234 21936 13162 1 48.25
17264 13143 13352 1 46.51
17363 13425 13310 1 55.05
17380 13437 21936 1 31.22
17394 13449 13437 1 2.38
17415 17584 13127 1 112.88
17529 13352 13545 1 43.26
17610 13609 13425 1 90.34
17634 13628 13449 1 47.07
17698 21950 13628 1 19.35
17732 13698 13609 1 56.01
17770 13724 21950 1 22.68
17771 13724 17584 1 84.27
17788 13545 13734 1 66.28
17845 13545 13772 1 81.5
17963 17590 13907 1 2.86
17976 13924 13698 1 61.68
18002 21936 13948 1 179.37
18011 13954 13724 1 52.37
18070 13997 13924 1 67.42
18076 14002 13954 1 29.7
18077 14003 14002 1 0.22
18093 13772 14013 1 89.03
18099 14018 14003 1 7.34
18100 14018 21938 1 110.14
18135 14013 14046 1 45.18
18136 21915 14018 1 14.14
18146 13609 21974 1 171.94
18162 14013 14065 1 23.15
18189 16332 13997 1 85.59
18203 14046 16331 1 73.67
18204 16331 16332 1 25.18
18226 21916 21915 1 37.88
18238 13948 21937 1 105.84
18265 14130 21916 1 21.9
18299 14151 14130 1 11.66
18300 14151 21939 1 130.41
18333 16332 14175 1 70.45
18410 14221 14151 1 52.03
18413 17586 14221 1 0.37
18430 14235 17586 1 10.23
18535 21798 21919 1 42.18
18536 14175 14299 1 54.45
18610 14351 14235 1 50.85
18612 14353 14351 1 0.31
18629 14365 14353 1 12.78
18630 14365 21798 1 93.93
18637 13948 21956 1 211.01
18646 21919 21920 1 166.74
18657 14387 14365 1 14.78
18662 14390 14387 1 1.41
18664 21917 14235 1 71.52
18672 14299 14398 1 46.23
18673 14398 21955 1 34.95
18685 13907 14390 1 7.2
18695 17589 21949 1 20.71
18697 14414 17590 1 10.58
18698 14415 14414 1 0.94
18699 21949 21917 1 47.9
18700 14416 17589 1 19.28
18702 14416 14418 1 6.54
18703 14418 14415 1 0.92
18723 17591 14416 1 6.4
18731 14439 17591 1 2.27
18737 17591 14447 1 25.19
18738 17754 14449 1 40.7
18750 14460 14439 1 11.09
18804 14398 14506 1 57.09
18817 14520 14447 1 45.05
18818 14520 14460 1 36.6
18819 14460 14521 1 30.36
18821 14449 21921 1 110.22
18824 14520 17592 1 26.56
18839 21917 21918 1 97.87
18840 17592 14449 1 144.53
18847 14521 14546 1 13.99
18875 14506 14572 1 43.95
18876 14572 21965 1 92.7
18904 14594 21921 1 50.86
18914 14546 14604 1 37.4
18925 14572 14613 1 47.22
18932 14604 14622 1 16.53
18936 14622 14626 1 4.14
18940 14626 17593 1 4.21
18947 17593 14636 1 5.89
18964 14626 14651 1 79.7
18967 14636 14653 1 10.58
18973 14653 14659 1 9.8
18974 14659 14660 1 0.26
18978 14660 14664 1 2.75
19009 14613 21972 1 60.28
19046 14664 14717 1 35.08
19051 14717 14722 1 2.21
19058 14722 14728 1 5.76
19059 14728 14729 1 0.41
19125 14729 14784 1 29.66
19149 21972 14803 1 64.47
19168 14817 14784 1 22.25
19183 14828 14817 1 5.14
19192 14837 14828 1 3.72
19213 14855 14837 1 13.21
19230 14803 14869 1 43.28
19272 14869 14907 1 69.99
19278 14907 17583 1 25.59
19279 17583 14914 1 2.78
19280 14914 14915 1 5.0
19288 14915 14922 1 23.3
19293 14922 14927 1 15.52
19295 14929 14930 1 39.57
19299 14927 14933 1 13.28
19303 14933 14936 1 17.55
19304 14936 14929 1 33.48
19310 14936 14940 1 15.73
19311 14936 14941 1 76.52
19313 14930 14943 1 117.07
19314 14943 21973 1 109.64
19316 14940 14946 1 9.31
19320 14946 14950 1 4.98
19326 14950 14954 1 9.52
19330 14954 14959 1 4.87
19331 14943 14960 1 98.11
19332 14959 14961 1 7.97
19333 14961 14962 1 1.33
19341 14962 14968 1 8.53
19342 14960 14969 1 49.27
19343 14968 14970 1 2.66
19355 14970 14980 1 17.06
19357 14969 14982 1 75.33
19358 14982 14983 1 67.3
19361 14980 14986 1 4.43
19362 14941 14987 1 79.43
19365 14986 14989 1 7.2
19371 14989 14995 1 12.52
19373 14995 14997 1 7.08
19375 14997 14999 1 8.91
19377 15001 15002 1 58.35
19380 15004 15001 1 65.4
19383 14987 15006 1 48.85
19384 15006 15004 1 69.54
19403 14982 15021 1 92.23
20499 17585 21938 1 277.19
20622 12678 17585 1 17.55
29653143 21956 21971 1 151.59
