75 98 6
16301
16310
17780
17786
16308
16307
12524 9771 9772 1 0.87
19225 14864 14865 1 30.8
19235 14871 17780 1 0.21
19236 14871 14809 1 79.89
19260 17780 14897 1 21.92
19265 14901 14864 1 63.21
19266 14901 17780 1 47.68
19267 14902 14897 1 20.06
19269 14904 14901 1 25.65
19270 14865 14904 1 52.49
19277 14865 14912 1 94.05
19283 14912 14918 1 17.39
19284 14912 14919 1 34.61
19285 14920 14904 1 88.31
19286 14918 14920 1 32.28
19289 14918 17786 1 11.57
19291 14919 17787 1 30.79
19292 14926 14920 1 8.29
19296 17787 14931 1 21.11
19297 17786 14932 1 27.01
19298 14932 14926 1 34.72
19300 14931 14932 1 35.94
19301 17787 14934 1 21.27
19302 14935 14902 1 104.94
19305 14937 14935 1 97.39
19306 14937 14901 1 90.57
19307 14926 14937 1 67.52
19315 14931 14945 1 27.42
19317 14934 14947 1 24.93
19321 14951 14945 1 16.97
19322 14934 14951 1 27.13
19323 14947 14951 1 7.44
19334 16306 14947 1 43.66
19337 14932 9771 1 55.31
19338 14945 9771 1 52.19
19339 9771 16302 1 5.53
19347 16300 16302 1 73.57
19350 9772 16304 1 26.63
19351 14977 16304 1 10.52
19352 16301 14937 1 69.22
19353 16301 16300 1 11.92
19356 14981 16306 1 60.01
19359 16304 14984 1 10.18
19366 14990 14984 1 18.09
19368 14992 16301 1 21.54
19370 14994 16301 1 44.05
19374 14998 14994 1 65.54
19376 15000 14935 1 106.56
19378 15000 14998 1 24.23
19385 15007 16304 1 61.29
19386 15007 14951 1 85.67
19387 15007 15008 1 7.2
19388 15009 15007 1 43.13
19391 16304 15012 1 62.68
19392 15007 15012 1 9.86
19393 15012 15013 1 2.14
19394 15014 15007 1 16.98
19395 15009 15014 1 37.66
19397 15012 15016 1 12.53
19398 15014 15016 1 18.12
19400 15016 15018 1 3.23
19401 15019 15009 1 49.57
19405 15023 15000 1 89.44
19410 15018 16307 1 17.67
19411 9772 15028 1 95.93
19412 15028 14990 1 65.46
19416 15032 15019 1 36.77
19417 15033 15014 1 39.09
19419 15033 15035 1 47.22
19420 16308 16307 1 28.21
19424 16308 15033 1 34.77
19425 15035 15032 1 40.47
19426 15040 15023 1 120.16
19432 15046 16308 1 26.67
19434 15048 15028 1 49.2
19437 16309 15048 1 67.94
19438 16309 15046 1 16.01
19439 16309 15033 1 44.58
19441 15052 16309 1 6.71
19442 15053 15035 1 48.5
19444 15053 15055 1 12.58
19448 15059 15048 1 44.14
19450 15040 15061 1 308.02
19451 15061 14992 1 163.83
19456 15066 15059 1 56.47
19461 16311 15052 1 61.5
19462 15066 16311 1 37.68
19468 16311 15075 1 24.26
19471 15078 15066 1 28.74
19473 15059 15080 1 54.26
19498 15101 15078 1 31.58
19516 15061 15116 1 114.48
19517 15080 15116 1 66.89
19525 15123 15101 1 57.13
19529 15126 15123 1 9.35
19551 15116 15144 1 75.51
19555 15144 16310 1 5.24
19556 16310 15126 1 52.92
