970 1268 50
20595
20489
20693
20697
20609
20707
20750
20496
20520
20581
20662
20765
19890
19882
20611
20558
20526
19929
20608
19883
20771
20776
19524
20470
20624
20540
20495
20471
20605
20689
20598
20686
20742
19885
20594
20681
20710
20498
20607
19846
20549
20506
20705
20454
20723
20640
20512
20586
20508
20754
3596 2910 2911 1 3.47
4491 20737 3589 1 3.09
4791 20672 20675 1 8.21
4792 3819 3820 1 16.52
4793 3821 3822 1 0.47
4987 3943 19865 1 5.92
4988 19861 3946 1 6.39
5107 20448 4036 1 1.59
8950 7044 19523 1 35.92
8997 19523 7081 1 16.07
9033 7110 7044 1 18.82
9034 7081 19524 1 14.06
9037 7114 7115 1 16.1
9041 7110 7115 1 6.01
9051 7122 7114 1 17.03
9080 7110 7143 1 18.92
9081 7143 7081 1 23.38
9101 7143 7157 1 5.3
9146 7185 19527 1 2.42
9171 7181 7204 1 6.11
9176 7181 19517 1 14.39
9181 7211 7185 1 8.65
9186 7157 7215 1 30.85
9196 7215 7211 1 19.63
9198 7204 19516 1 11.43
9211 7236 19516 1 10.36
9212 7204 7236 1 13.77
9213 7236 19517 1 19.54
9231 7249 7215 1 33.11
9233 7251 7110 1 44.94
9234 7251 7249 1 5.55
9241 19528 7211 1 17.6
9246 7251 19525 1 2.65
9247 7262 19528 1 2.23
9253 7267 7251 1 19.36
9255 7249 7262 1 48.82
9259 7272 19517 1 27.46
9265 7272 7267 1 18.9
9271 7272 7281 1 15.41
9303 7236 7307 1 21.56
9308 7267 7312 1 13.54
9313 7307 19518 1 2.96
9314 19518 7281 1 9.89
9332 19529 7262 1 20.42
9386 19521 19518 1 14.72
9451 7466 20512 1 14.63
9478 20453 7511 1 26.06
9511 19519 19521 1 15.42
9565 7586 7251 1 61.69
9594 19526 7586 1 4.7
9595 19526 19529 1 50.73
9665 7656 19526 1 14.88
9666 19518 7657 1 69.7
9667 7586 7657 1 30.72
9680 7665 7656 1 14.09
9694 19521 7675 1 58.61
9695 7657 7675 1 10.54
9716 7675 19520 1 12.19
9955 20510 7656 1 48.35
9969 20510 20509 1 27.94
10103 20511 20510 1 27.01
10111 20514 20511 1 62.33
10198 8037 20511 1 14.68
10329 8037 5530 1 54.7
10372 20512 8037 1 22.89
10453 20511 5530 1 37.91
10498 8240 7466 1 3.29
10499 8241 8240 1 49.78
10510 20513 8240 1 1.29
10608 20516 8241 1 43.53
10648 8347 8248 1 23.72
10678 8365 8347 1 23.89
10679 8365 7466 1 16.53
10683 8368 8369 1 37.92
10685 8365 8368 1 15.35
10840 8483 8365 1 13.86
10994 20532 8368 1 57.84
10995 8586 8347 1 24.2
11008 8483 8586 1 35.96
11049 7511 20451 1 22.49
11088 20453 20454 1 25.98
11089 8586 20454 1 11.7
11091 20451 20453 1 23.33
11137 20446 8441 1 27.62
11151 20532 8688 1 17.28
11158 8693 20454 1 15.93
11186 8715 22181 1 22.31
11211 20427 8715 1 2.22
11229 8746 8483 1 36.62
11231 8746 20530 1 14.77
11238 20446 8755 1 12.9
11239 20451 8755 1 21.36
11250 20445 20429 1 25.12
11252 8693 8763 1 12.56
11253 8763 8764 1 5.74
11254 20517 8763 1 0.26
11257 8768 20429 1 9.57
11258 8769 20445 1 10.94
11281 20446 8769 1 37.5
11284 20519 8688 1 39.42
11285 8789 8746 1 7.32
11289 8764 20518 1 17.9
11293 8795 20445 1 10.86
11297 8789 20519 1 13.01
11307 20518 8807 1 6.3
11308 8807 8789 1 6.32
11347 8839 8768 1 14.34
11379 20519 20531 1 33.08
11380 8688 20531 1 34.01
11406 8880 8839 1 7.28
11407 8881 8880 1 0.28
11411 20520 20519 1 20.16
11416 8888 8807 1 17.22
11417 8888 20520 1 4.26
11418 8888 8889 1 3.53
11420 8890 20531 1 12.02
11424 8755 20452 1 30.1
11428 20520 8890 1 29.14
11431 8898 20452 1 6.92
11435 20447 8795 1 32.25
11436 20447 8898 1 36.38
11466 8923 20427 1 39.35
11467 8880 8923 1 18.02
11469 8925 8888 1 7.03
11474 20526 8931 1 11.0
11480 8925 20526 1 7.69
11498 20452 8947 1 22.7
11499 8947 20454 1 57.3
11517 20517 20521 1 37.41
11518 8931 20521 1 15.04
11530 8947 20456 1 4.98
11542 8980 8923 1 10.95
11567 8999 20531 1 28.12
11568 20527 8925 1 18.93
11570 8999 9002 1 24.55
11577 20527 8890 1 39.49
11589 20431 8980 1 28.39
11591 8941 20423 1 16.05
11620 20456 20457 1 25.43
11621 9041 20447 1 36.03
11625 20431 9044 1 14.81
11628 20449 8898 1 33.99
11629 9044 20430 1 2.64
11637 20522 20521 1 24.48
11638 9055 8980 1 21.83
11641 20457 9058 1 4.11
11643 20533 20527 1 15.73
11646 9002 20533 1 29.39
11648 9044 9063 1 3.98
11654 9067 8999 1 15.03
11655 9068 20522 1 2.49
11656 9068 9058 1 8.77
11684 9090 9041 1 11.07
11686 9091 9055 1 8.79
11687 9090 9091 1 2.39
11690 20528 20521 1 47.87
11694 9097 9090 1 4.36
11695 20424 20430 1 45.48
11696 19844 20424 1 26.85
11697 9100 9055 1 30.45
11701 9103 20423 1 21.21
11702 9103 19844 1 1.95
11705 4036 9091 1 2.69
11711 9109 20528 1 2.97
11714 9112 9097 1 3.45
11715 20450 9112 1 24.41
11717 9115 9109 1 1.03
11719 9109 20524 1 20.36
11721 20523 9068 1 24.2
11726 9112 20448 1 5.43
11727 20524 20523 1 7.44
11729 9123 9115 1 7.97
11730 9124 4036 1 2.97
11731 9124 20448 1 1.66
11733 9091 9126 1 6.43
11734 9124 9126 1 4.43
11741 20450 9132 1 46.29
11747 9132 20458 1 16.8
11749 9058 20458 1 22.42
11750 9138 9124 1 3.23
11751 9138 9112 1 5.08
11753 9140 9138 1 3.82
11754 9126 9140 1 4.73
11755 20458 20523 1 36.14
11759 9143 20533 1 47.41
11760 9143 9067 1 14.72
11764 9146 9103 1 7.84
11766 9148 9123 1 6.76
11767 9148 20533 1 17.44
11770 20529 9115 1 11.88
11777 9156 9100 1 22.68
11778 9157 9148 1 1.82
11779 9063 9156 1 22.85
11780 20455 9132 1 5.79
11781 20535 9143 1 5.81
11782 20534 9148 1 3.76
11784 20535 9162 1 6.05
11793 9170 20534 1 11.43
11794 9171 20450 1 17.58
11795 9162 9170 1 12.02
11797 9103 9173 1 34.22
11798 9173 19843 1 20.37
11801 9176 9138 1 13.99
11803 9178 9171 1 8.78
11805 20459 20455 1 7.4
11806 20458 20459 1 14.51
11810 9184 20535 1 4.8
11822 20432 9156 1 8.39
11823 9194 19843 1 17.54
11825 9194 19837 1 20.3
11829 9176 9198 1 5.65
11834 20545 9203 1 12.3
11839 20467 9212 1 53.93
11845 9219 20545 1 3.68
11847 20617 9223 1 2.89
11848 9224 20617 1 29.14
11850 20682 20681 1 9.94
11851 9229 20682 1 2.04
11852 20676 20677 1 2.0
11854 20615 20608 1 32.36
11855 9236 9237 1 11.77
11856 9238 9239 1 16.49
11859 20710 20712 1 10.95
11860 9244 20682 1 17.42
11862 9247 20709 1 8.81
11865 9224 20629 1 28.97
11866 20633 20629 1 35.33
11869 20623 9258 1 6.55
11873 9264 20704 1 8.18
11876 9269 20620 1 39.51
11878 9273 19926 1 8.88
11929 20525 20523 1 18.52
11930 9344 9345 1 0.53
11932 9344 9346 1 3.49
11933 9346 9178 1 7.93
11935 19844 20425 1 38.96
11936 20424 20425 1 30.84
11939 20539 9157 1 15.21
11943 20425 9351 1 1.35
11944 9352 9176 1 22.13
11945 9352 9171 1 12.42
11946 19838 9194 1 6.9
11954 9170 9358 1 16.58
11955 9359 9360 1 12.97
11956 20486 9352 1 6.25
11957 20486 9346 1 5.8
11958 9359 20539 1 4.96
11964 9351 9367 1 22.72
11971 9184 9372 1 22.6
11972 9373 9345 1 20.7
11973 20455 9373 1 26.63
11975 20538 20525 1 11.85
11976 20538 9360 1 8.91
11982 9372 9379 1 5.64
11986 9382 20539 1 9.19
11995 9389 20432 1 17.12
12002 9126 20467 1 47.85
12007 20467 9389 1 11.18
12008 20554 9382 1 6.03
12009 9372 20554 1 8.58
12019 9389 20462 1 16.0
12021 19837 19855 1 47.32
12023 9407 9367 1 14.04
12024 9407 20462 1 4.5
12025 9408 9382 1 6.61
12026 20554 9408 1 6.24
12036 9415 20425 1 35.25
12037 9415 9146 1 34.46
12044 9422 9359 1 19.7
12049 9426 20486 1 19.79
12050 9373 9426 1 19.83
12051 9427 9422 1 3.38
12052 9427 9408 1 5.01
12054 20458 9429 1 43.33
12055 9429 20525 1 43.25
12057 20488 9426 1 1.59
12060 20538 9434 1 16.71
12061 9434 9360 1 25.42
12066 19862 9146 1 42.89
12070 19858 19837 1 32.25
12073 19855 9444 1 17.19
12075 19862 19838 1 43.87
12089 9456 9184 1 35.6
12094 20554 9456 1 32.23
12096 9429 9460 1 7.42
12112 20490 9460 1 5.48
12113 9474 20490 1 4.24
12120 20462 20463 1 19.92
12124 9460 20540 1 33.9
12125 20540 20538 1 29.31
12132 9426 20487 1 24.9
12140 19864 19862 1 11.61
12142 20461 9415 1 23.55
12149 9500 19858 1 16.12
12150 9501 9474 1 35.96
12151 19856 9500 1 11.39
12152 9501 20489 1 1.15
12153 9450 9504 1 101.39
12154 20540 9505 1 18.85
12155 9505 9422 1 22.22
12159 19864 9508 1 21.7
12161 9510 20554 1 28.96
12162 20487 9511 1 24.62
12163 9511 20488 1 20.45
12164 9511 20489 1 16.75
12165 20461 9508 1 27.63
12172 9516 9427 1 22.5
12173 20468 20487 1 33.97
12174 20541 9505 1 6.9
12176 9510 9516 1 24.3
12184 20543 9516 1 1.44
12185 9505 20543 1 14.64
12189 9528 9456 1 23.46
12191 20544 20543 1 1.63
12193 9528 9510 1 23.68
12194 19846 19845 1 3.88
12198 19845 9535 1 17.33
12203 20555 9528 1 5.48
12204 9535 9540 1 9.51
12205 9540 19847 1 14.44
12206 20536 20490 1 21.42
12208 19863 19864 1 14.22
12211 9545 20544 1 4.67
12216 9540 19848 1 40.7
12217 9444 19848 1 38.36
12218 9550 20461 1 15.78
12219 20468 20485 1 12.96
12222 9550 9553 1 17.16
12223 19848 9554 1 21.52
12224 9554 9444 1 29.4
12226 9547 9556 1 3.01
12227 9203 9545 1 15.78
12228 9557 9550 1 11.42
12229 9504 9558 1 47.43
12232 9553 9561 1 2.57
12233 20544 9562 1 37.08
12235 9553 9564 1 8.12
12236 20463 9564 1 31.77
12238 9566 9500 1 19.26
12239 9554 9566 1 18.03
12242 9566 19857 1 4.22
12243 9570 9508 1 25.99
12245 9556 19846 1 46.04
12247 9556 19794 1 14.81
12248 9570 9557 1 16.78
12250 20542 9203 1 13.1
12251 20537 20542 1 6.42
12256 9561 20464 1 4.62
12257 20464 9564 1 4.39
12260 9558 19793 1 17.71
12261 19793 9524 1 17.32
12262 19794 19793 1 30.59
12263 3943 19863 1 12.2
12264 19865 9570 1 9.58
12265 9219 9545 1 15.74
12266 9212 9564 1 50.96
12270 20546 20536 1 23.33
12271 20546 20537 1 17.18
12272 9562 9582 1 15.31
12274 20491 20494 1 13.42
12275 20494 20536 1 18.69
12281 20492 9511 1 28.59
12284 9591 19838 1 73.48
12285 3943 9591 1 23.83
12292 9582 20559 1 3.95
12293 9598 19857 1 25.01
12294 20468 9212 1 93.49
12310 9609 9212 1 8.92
12312 9611 20491 1 13.89
12313 9611 20494 1 9.03
12314 20547 20542 1 24.65
12315 9613 9611 1 0.29
12317 20546 20547 1 15.5
12318 9591 19860 1 9.0
12320 19860 9598 1 12.17
12332 9623 9624 1 5.95
12333 9623 20464 1 17.2
12339 20469 9609 1 8.99
12352 20495 9613 1 9.47
12353 20495 20546 1 30.27
12358 9647 9219 1 26.82
12360 9647 20547 1 25.84
12369 9219 20556 1 37.73
12381 9582 9664 1 28.18
12382 19857 19859 1 38.45
12397 9675 20492 1 31.89
12398 9676 9675 1 12.84
12399 9677 20495 1 22.44
12403 20496 9675 1 4.14
12404 20496 9677 1 1.78
12405 9682 9675 1 1.12
12411 9598 3946 1 48.91
12412 9690 19865 1 42.58
12413 9691 9690 1 33.31
12416 9693 9690 1 0.23
12417 19860 9694 1 27.39
12420 9694 9693 1 32.42
12421 9696 9682 1 3.11
12422 9696 20496 1 4.41
12426 19798 19793 1 42.19
12430 20556 20557 1 14.88
12435 20470 20469 1 24.0
12436 19846 9706 1 55.71
12438 9651 9707 1 17.89
12439 3946 19860 1 31.4
12447 9713 9623 1 30.65
12449 20549 20548 1 12.01
12450 20549 20550 1 5.59
12462 9713 20466 1 4.26
12464 9609 20471 1 41.46
12467 9730 20547 1 41.47
12468 9730 9647 1 30.59
12471 20552 9730 1 1.23
12472 20557 20558 1 9.9
12476 20558 20553 1 40.2
12482 20553 20552 1 17.28
12490 9746 20549 1 12.99
12491 9746 9730 1 10.77
12492 3822 9693 1 23.19
12493 9747 9696 1 17.36
12494 20471 9748 1 13.73
12502 19859 19866 1 31.6
12503 19866 19861 1 30.06
12506 20465 9713 1 16.02
12507 3822 20465 1 22.21
12514 20493 9747 1 15.78
12521 19861 9767 1 23.45
12526 9707 9774 1 89.75
12527 20477 20470 1 23.73
12537 20576 20558 1 16.36
12538 9748 3819 1 17.98
12539 9786 20552 1 16.4
12540 20563 9786 1 1.9
12544 9788 9786 1 23.55
12545 20472 20465 1 13.24
12548 20563 9792 1 25.13
12549 9793 20471 1 19.24
12555 9706 9798 1 37.6
12556 9798 19849 1 2.68
12562 9767 9806 1 13.97
12567 19867 9806 1 0.9
12575 9792 20577 1 17.76
12576 20577 20576 1 8.13
12583 3819 9822 1 24.72
12584 9822 9682 1 66.89
12585 20472 20474 1 33.05
12588 9826 9747 1 20.36
12589 9826 20500 1 10.51
12601 20503 9826 1 10.26
12609 3820 9748 1 38.63
12610 20579 20576 1 13.64
12616 20500 20501 1 9.15
12621 20564 20563 1 18.71
12622 20504 20503 1 9.87
12625 9822 9853 1 16.35
12628 9853 20502 1 3.91
12629 20502 20501 1 26.09
12630 9694 19875 1 49.14
12631 19875 3821 1 40.12
12636 19875 19867 1 31.81
12644 9864 20477 1 25.78
12645 20478 9864 1 13.3
12647 9867 9826 1 12.05
12650 20504 9867 1 13.4
12652 19798 19800 1 68.01
12656 9874 9875 1 9.61
12657 9876 20474 1 14.75
12658 9877 19875 1 6.15
12661 19800 9880 1 14.6
12662 20478 9874 1 30.24
12664 19868 19867 1 20.05
12669 9864 20474 1 23.18
12670 20578 20577 1 19.24
12672 20560 9788 1 28.86
12677 9774 19797 1 91.81
12678 19797 19798 1 63.33
12679 9875 9892 1 7.02
12680 9880 19797 1 37.3
12682 9893 19800 1 34.45
12684 20578 9895 1 11.51
12685 19873 9877 1 8.27
12687 9898 19868 1 24.76
12688 9898 19873 1 2.63
12689 19797 9899 1 3.7
12691 20479 9793 1 32.1
12692 3820 20479 1 27.81
12693 9892 9902 1 6.6
12694 20479 9902 1 1.32
12695 9903 9893 1 4.96
12697 9902 9905 1 0.81
12701 9908 9535 1 124.28
12702 19866 9908 1 67.26
12706 9911 20564 1 25.0
12707 9911 20578 1 34.15
12708 20561 20504 1 24.51
12709 20561 20560 1 8.65
12710 9864 9913 1 16.09
12711 9902 9914 1 45.66
12712 9914 9913 1 7.11
12713 20478 9914 1 23.67
12714 9915 9867 1 15.87
12717 9917 9893 1 35.4
12718 9798 9917 1 33.06
12721 9917 9919 1 8.23
12725 19852 9919 1 8.85
12726 19852 9908 1 5.91
12727 9915 20505 1 7.03
12729 20475 9876 1 22.53
12730 20565 20562 1 12.12
12741 9937 19875 1 62.9
12742 20475 9937 1 10.97
12743 9938 20561 1 10.02
12744 20562 9938 1 14.9
12750 20566 20565 1 10.93
12751 9913 20475 1 25.53
12756 9948 19800 1 26.15
12760 9899 9952 1 15.06
12761 9952 9880 1 45.31
12770 9960 9911 1 13.83
12773 20567 20566 1 15.96
12774 9960 20567 1 10.75
12777 9967 9915 1 15.11
12778 9967 20561 1 25.76
12779 9937 20473 1 11.29
12780 9969 9960 1 4.95
12785 9877 19874 1 30.75
12786 9974 20578 1 33.2
12789 20580 9974 1 11.58
12802 20568 9938 1 22.16
12807 19853 9919 1 20.41
12808 20588 9974 1 5.68
12809 9948 19801 1 16.31
12816 9952 9997 1 18.42
12818 20571 20567 1 16.98
12830 9969 20589 1 33.16
12831 20589 20588 1 5.95
12833 10010 20566 1 27.95
12834 9853 20507 1 70.89
12838 10014 10015 1 4.51
12840 10010 20569 1 2.05
12841 9913 10018 1 35.87
12842 9914 10018 1 33.55
12843 10019 9908 1 80.53
12845 20569 20568 1 31.98
12846 20589 10021 1 4.78
12849 10024 20507 1 12.12
12850 10024 9967 1 22.5
12853 10021 20583 1 6.97
12855 19870 10019 1 6.66
12856 9898 19870 1 49.94
12861 19874 10032 1 16.98
12862 20480 10018 1 9.22
12863 19802 19801 1 20.83
12864 9948 19802 1 28.26
12865 19802 9903 1 37.42
12866 19802 9917 1 57.51
12867 19853 19802 1 62.3
12869 20482 20479 1 34.27
12870 20498 20482 1 51.02
12872 10037 9969 1 18.88
12873 10038 10024 1 3.48
12874 20573 20571 1 8.14
12877 20568 10038 1 23.02
12880 10044 20589 1 12.03
12881 10044 10006 1 13.4
12885 10046 10010 1 15.63
12886 10015 10047 1 19.69
12889 10049 20482 1 2.62
12890 10050 20602 1 3.68
12891 10050 10052 1 5.09
12892 20573 10046 1 3.38
12894 10037 20573 1 25.57
12897 20581 10037 1 6.35
12898 20583 20581 1 18.95
12900 10046 20572 1 4.52
12907 20498 10014 1 36.89
12929 10078 20603 1 2.84
12930 10080 10050 1 9.83
12931 10081 20480 1 13.51
12934 19869 19871 1 23.13
12935 10049 10081 1 37.97
12936 19871 19870 1 24.5
12937 10018 10085 1 25.96
12938 10086 20581 1 8.56
12939 19871 10032 1 32.77
12940 20582 10086 1 4.96
12942 20595 10006 1 21.78
12943 10090 10080 1 3.49
12944 10047 10091 1 14.0
12945 10092 10044 1 17.36
12946 10093 19853 1 25.99
12947 10094 20582 1 17.46
12948 10094 10021 1 24.64
12952 20508 10038 1 20.05
12953 20569 20508 1 33.28
12955 10092 10099 1 13.93
12956 20586 10094 1 0.85
12958 10099 20586 1 26.38
12959 10102 10078 1 8.43
12963 10106 10080 1 6.95
12964 20603 10107 1 9.48
12966 10109 10090 1 5.3
12967 10109 10102 1 5.41
12969 10107 10111 1 3.06
12970 10112 10106 1 4.21
12972 19869 19870 1 16.41
12975 10106 10116 1 3.73
12976 20481 10081 1 10.09
12978 10116 10109 1 5.3
12983 10018 10122 1 27.94
12988 20604 10109 1 3.77
12989 10127 10085 1 13.56
12990 10122 10127 1 1.24
12992 10129 20604 1 0.93
12993 20594 10099 1 16.81
12995 20508 20506 1 41.4
12997 10110 10133 1 5.85
12998 20584 10086 1 14.46
12999 20586 20584 1 16.64
13001 10111 10136 1 9.42
13002 10136 10137 1 0.91
13009 20498 20506 1 49.23
13011 10144 19850 1 2.33
13012 10144 19802 1 39.33
13013 20575 20574 1 11.53
13019 20598 10092 1 17.74
13020 20585 20584 1 3.39
13031 20605 10102 1 15.55
13032 20605 10111 1 12.9
13037 19875 20476 1 93.61
13040 10166 10167 1 1.31
13041 10166 10129 1 10.03
13042 20476 20473 1 48.95
13043 10085 20476 1 31.38
13044 9908 19854 1 71.1
13045 20570 20508 1 21.57
13046 20570 20574 1 22.88
13048 10171 10049 1 30.6
13049 10091 10171 1 23.97
13050 10172 10173 1 9.29
13053 10174 10144 1 7.28
13054 10175 10129 1 11.91
13055 10175 20605 1 9.12
13056 10127 10176 1 13.58
13057 10174 19851 1 7.53
13058 10178 10179 1 11.57
13059 10166 10175 1 9.61
13060 10180 10175 1 1.13
13061 10180 20605 1 9.18
13062 10091 20499 1 33.6
13063 10182 20601 1 2.98
13064 10179 20601 1 1.94
13065 10167 20601 1 8.57
13066 20587 20586 1 20.99
13067 20587 20594 1 24.04
13068 20585 20575 1 34.24
13070 10185 19802 1 62.03
13071 10186 20585 1 11.68
13075 19877 19871 1 38.98
13077 10191 10186 1 2.75
13078 20484 20483 1 24.18
13079 20484 10171 1 8.07
13080 10194 10180 1 4.89
13081 20499 20484 1 23.31
13082 20605 10195 1 15.78
13091 20606 10202 1 4.82
13093 10204 10194 1 4.42
13094 10204 20606 1 2.93
13095 10205 20599 1 2.45
13098 20591 20593 1 3.93
13099 20593 20594 1 22.53
13100 10210 20481 1 33.29
13101 10210 20483 1 25.99
13102 10205 10182 1 14.96
13106 20590 10191 1 9.45
13107 20590 20591 1 6.33
13108 10136 10213 1 24.85
13110 10195 10213 1 23.37
13112 10215 20598 1 19.45
13115 10217 20593 1 3.89
13116 20670 20570 1 26.42
13117 20670 20575 1 26.1
13118 10219 20590 1 7.99
13119 10220 10182 1 10.99
13120 10220 10166 1 18.03
13122 10222 10204 1 4.56
13123 10223 10172 1 14.4
13124 10215 10223 1 10.93
13128 10226 10222 1 1.7
13129 10213 10227 1 5.6
13130 10227 10228 1 2.16
13132 10230 10205 1 6.59
13133 20707 10215 1 5.48
13134 10230 20707 1 7.49
13135 10223 10232 1 3.54
13136 10232 10217 1 15.77
13137 10233 10232 1 6.11
13140 10235 10230 1 6.4
13141 10235 10220 1 8.42
13142 20707 9238 1 3.49
13143 9238 10233 1 6.14
13144 10236 10222 1 5.24
13145 10236 10226 1 4.59
13146 10236 20715 1 2.27
13147 10227 10238 1 5.29
13148 20506 20633 1 32.98
13149 9237 10219 1 7.32
13150 9237 10217 1 9.48
13151 10174 10239 1 21.54
13152 10220 20714 1 9.07
13153 10194 20714 1 25.32
13154 20499 10241 1 42.63
13155 20681 9237 1 3.44
13157 10242 10235 1 5.59
13160 20633 10241 1 24.91
13162 10239 19910 1 6.51
13165 10242 10247 1 2.62
13166 20670 20633 1 86.85
13167 20615 10122 1 42.06
13173 10250 20615 1 31.93
13174 10251 10210 1 17.01
13175 10251 10250 1 3.53
13176 9223 20484 1 22.25
13177 9223 10251 1 19.64
13178 10252 19877 1 21.68
13179 20608 10253 1 5.67
13180 20608 10176 1 27.44
13181 10241 9224 1 18.76
13182 20677 20670 1 33.79
13183 20677 10191 1 26.58
13184 10254 10133 1 107.26
13185 9236 9229 1 4.47
13186 10176 20607 1 34.33
13187 10253 20607 1 20.06
13189 10257 10252 1 12.79
13190 10257 19877 1 28.69
13193 10236 20717 1 11.53
13194 9997 10260 1 75.95
13195 10261 20714 1 11.41
13196 10260 10262 1 2.7
13198 10264 10257 1 17.23
13200 20717 10265 1 6.19
13201 20708 10242 1 16.61
13203 10267 10261 1 11.85
13204 10265 10267 1 0.86
13205 10268 10185 1 33.56
13206 10269 10253 1 7.31
13207 10270 10265 1 3.16
13208 10271 10264 1 5.0
13209 10271 20476 1 37.12
13210 10247 20710 1 9.85
13211 20607 10271 1 18.3
13212 20678 20677 1 13.3
13213 10219 20678 1 27.24
13216 9239 10275 1 7.52
13217 20708 10275 1 5.95
13218 10238 10276 1 19.5
13219 10276 10277 1 2.32
13220 20716 10267 1 3.45
13221 10275 10279 1 3.18
13222 10280 10261 1 10.53
13223 20716 10280 1 5.1
13224 10281 9236 1 9.64
13225 19881 10254 1 18.5
13226 10262 19881 1 22.01
13228 20709 10275 1 2.94
13230 20709 10279 1 4.01
13231 10279 10281 1 4.58
13235 20717 10288 1 9.66
13238 10288 10270 1 10.51
13239 10290 19854 1 48.93
13242 19917 10290 1 35.6
13243 19869 19917 1 64.23
13245 10252 10293 1 47.85
13248 10260 19883 1 14.09
13249 19886 10268 1 10.1
13253 20679 20676 1 16.18
13254 10300 20678 1 16.19
13257 10250 20616 1 24.51
13259 10304 9244 1 3.79
13260 10279 10304 1 15.52
13261 9244 10305 1 3.23
13262 10305 10300 1 5.81
13263 20715 20726 1 45.05
13268 10311 20709 1 21.7
13269 20712 10311 1 5.31
13270 19917 10312 1 12.54
13271 10293 10312 1 22.01
13273 20609 10269 1 16.96
13280 19887 19886 1 15.39
13281 10320 19887 1 4.59
13283 10321 10305 1 5.69
13284 10321 20683 1 4.51
13285 10304 10321 1 7.04
13286 10323 10324 1 13.17
13287 10323 10300 1 7.69
13291 10311 10328 1 2.24
13292 20711 9247 1 7.11
13296 19911 10320 1 33.8
13297 19912 10093 1 70.2
13298 20725 10288 1 18.02
13300 10276 10337 1 20.47
13301 10269 10338 1 43.87
13302 10338 20615 1 32.2
13304 10337 10339 1 6.81
13305 10340 10341 1 8.82
13306 10342 10239 1 48.99
13307 19912 10342 1 20.36
13308 10343 20716 1 22.49
13311 10343 10340 1 5.03
13312 20711 10321 1 26.24
13313 10276 10346 1 20.72
13314 10337 10346 1 7.96
13315 19911 10342 1 44.47
13318 20629 10348 1 11.37
13323 19913 10290 1 18.65
13329 10356 10357 1 6.75
13330 10356 10343 1 4.65
13331 20671 20679 1 15.2
13332 20669 20633 1 73.01
13333 20669 10360 1 34.82
13334 10360 20671 1 10.88
13335 10361 19886 1 20.23
13336 19887 10361 1 25.05
13337 20617 10362 1 31.97
13338 10362 20629 1 51.75
13341 20671 10364 1 9.72
13342 10364 10323 1 23.15
13343 10357 10311 1 23.2
13345 10364 20680 1 0.86
13346 10367 10338 1 11.62
13348 20713 20711 1 13.12
13350 19882 19881 1 26.24
13351 19882 10260 1 43.71
13352 10372 10356 1 2.69
13353 10372 20725 1 22.59
13355 10374 19882 1 5.93
13356 10361 10375 1 34.95
13358 10375 10374 1 2.57
13359 10348 20634 1 7.42
13360 10357 20713 1 20.37
13363 21987 10372 1 3.2
13364 10346 10381 1 10.35
13365 19913 10382 1 14.89
13366 10360 10383 1 3.26
13369 2911 19882 1 3.01
13370 10382 19912 1 22.42
13372 10386 20671 1 4.61
13374 19878 10298 1 42.2
13380 10393 10374 1 6.16
13381 10375 10393 1 4.52
13382 2911 10394 1 6.36
13383 10393 10394 1 4.81
13384 10133 10395 1 76.51
13385 10395 19878 1 18.31
13387 10338 20618 1 28.31
13388 20618 20616 1 22.25
13389 20618 10362 1 26.56
13391 2910 10394 1 11.18
13393 20609 20610 1 18.74
13396 21987 20718 1 11.7
13397 10403 10372 1 10.59
13399 10395 2910 1 85.14
13400 10405 10321 1 18.58
13401 10337 10406 1 20.51
13402 10406 10407 1 7.7
13405 19878 10409 1 10.16
13406 10410 10348 1 18.39
13407 20688 10405 1 0.64
13414 10418 19913 1 22.64
13416 20720 20711 1 22.9
13420 10423 20618 1 6.57
13422 19888 10320 1 28.88
13424 20688 20689 1 12.67
13425 20689 20720 1 15.53
13427 10312 10418 1 44.92
13428 10428 20725 1 25.26
13429 10381 10428 1 20.74
13432 20722 20720 1 16.71
13434 19885 10393 1 29.62
13435 19888 19885 1 48.83
13436 19919 10293 1 40.22
13437 20718 20722 1 17.21
13444 20684 10405 1 18.1
13447 10381 10441 1 18.19
13448 10406 10441 1 29.77
13449 10442 10403 1 21.68
13450 10442 10443 1 3.28
13451 20727 10428 1 7.71
13452 10367 20619 1 23.72
13453 20619 10338 1 36.55
13454 20619 20618 1 25.57
13455 20727 10442 1 9.88
13456 10446 10423 1 11.58
13458 20635 20669 1 51.66
13459 20613 20610 1 14.83
13460 20613 10367 1 35.67
13461 20634 10450 1 28.26
13462 10450 20635 1 1.52
13463 10451 20727 1 8.63
13464 10441 10451 1 7.38
13467 20730 10441 1 3.94
13470 10451 10456 1 2.26
13471 10394 10457 1 20.93
13474 10460 10403 1 20.23
13475 10461 10442 1 7.51
13476 10409 10462 1 20.96
13477 19911 10463 1 81.71
13478 10382 10463 1 26.54
13482 10461 10466 1 2.38
13483 10466 20727 1 11.82
13488 10460 10461 1 21.57
13491 10473 10446 1 18.14
13497 20619 10477 1 28.59
13498 10477 10446 1 11.37
13501 10479 20635 1 9.99
13502 10410 10480 1 22.13
13503 10450 10480 1 33.33
13505 10481 20619 1 12.92
13508 20618 20631 1 71.64
13509 20631 10480 1 2.22
13511 20630 10473 1 11.85
13512 20631 10487 1 1.47
13513 20631 10479 1 35.31
13518 10406 10492 1 32.83
13519 10462 10493 1 18.99
13523 20685 20684 1 19.22
13524 20788 10492 1 2.93
13525 10499 20788 1 7.17
13526 10479 20638 1 28.37
13527 20669 20638 1 46.21
13528 20675 10386 1 35.6
13529 20675 20684 1 36.0
13535 19920 10257 1 88.86
13536 20607 19920 1 76.8
13539 10505 20630 1 7.82
13540 10505 20631 1 33.2
13541 20724 10460 1 16.14
13543 10508 20727 1 30.04
13544 10508 20731 1 1.82
13546 20672 20669 1 63.02
13549 10477 10512 1 12.44
13553 19884 10457 1 23.29
13554 20611 19920 1 17.21
13555 10492 10508 1 39.91
13556 10518 20688 1 33.93
13557 10518 20691 1 14.07
13558 10481 10520 1 20.76
13559 10520 10512 1 12.71
13560 20638 10521 1 7.48
13569 10487 20632 1 15.87
13573 10534 10505 1 19.76
13574 20632 10534 1 7.57
13577 10536 20724 1 8.83
13578 10536 10537 1 11.18
13579 20636 10479 1 21.36
13580 20636 10521 1 27.62
13583 20611 10540 1 6.72
13589 20614 20613 1 35.02
13590 20631 10547 1 19.99
13591 20614 10481 1 30.58
13592 10548 10536 1 2.95
13593 20612 20611 1 18.38
13594 20612 20613 1 36.29
13598 10547 10554 1 12.17
13599 10554 20636 1 17.17
13602 10556 10505 1 27.9
13604 10521 20673 1 11.53
13605 20614 10559 1 22.28
13606 20729 10508 1 15.15
13607 10559 20612 1 9.95
13609 10537 20728 1 18.78
13610 20729 20728 1 5.94
13611 10563 10457 1 36.77
13614 20690 10518 1 12.21
13621 20675 10572 1 19.29
13622 10572 20685 1 34.29
13623 20687 10572 1 22.69
13624 19921 19920 1 19.96
13626 20674 20673 1 25.93
13627 20674 20672 1 22.07
13630 20720 20721 1 20.29
13637 20692 20690 1 21.59
13642 10463 10590 1 34.08
13643 20637 20636 1 10.3
13651 20723 10548 1 37.29
13652 20692 20723 1 22.97
13660 10492 10604 1 32.43
13664 10572 20686 1 12.85
13665 20686 20690 1 35.16
13666 19914 10590 1 7.09
13667 19914 10418 1 70.18
13672 10604 10611 1 2.98
13676 10604 10613 1 3.76
13677 10614 20674 1 36.8
13678 20686 10614 1 1.82
13679 10520 20620 1 23.25
13680 10556 20620 1 23.29
13681 20732 10613 1 29.83
13682 19921 19922 1 11.81
13683 19922 10540 1 21.15
13685 10613 10618 1 1.91
13686 10619 10508 1 28.75
13687 10619 20732 1 9.48
13688 20686 20702 1 23.87
13692 10556 10623 1 22.01
13702 10632 10619 1 6.76
13704 20742 20728 1 18.87
13706 20674 20694 1 15.97
13709 10639 20644 1 14.67
13712 20674 10642 1 24.86
13714 10642 20696 1 1.02
13715 20696 10614 1 17.14
13716 20702 20703 1 12.11
13717 20703 20690 1 18.18
13721 20744 10619 1 10.98
13724 20693 20674 1 27.83
13725 10652 10559 1 21.43
13727 10653 20614 1 26.95
13728 10653 20620 1 30.78
13729 10654 10653 1 3.52
13730 10654 20625 1 0.72
13733 10657 20692 1 37.58
13742 20686 10664 1 19.49
13744 10657 20703 1 50.12
13746 20639 10534 1 33.81
13747 20639 10669 1 0.22
13748 20639 10639 1 30.4
13749 19923 19919 1 66.78
13751 20645 20644 1 11.72
13753 10623 20639 1 31.59
13754 10657 10674 1 15.72
13756 10675 10548 1 30.06
13757 10675 20742 1 18.93
13759 20694 20695 1 13.67
13760 20695 20696 1 11.42
13761 10678 10563 1 33.91
13762 19920 19923 1 67.4
13770 20612 20621 1 35.63
13776 10687 19884 1 47.56
13777 20648 20637 1 32.36
13778 20648 20693 1 28.07
13780 10674 20733 1 17.95
13781 20733 10675 1 7.44
13782 10691 10652 1 12.56
13786 20624 10691 1 1.09
13787 20624 10654 1 28.93
13789 10697 20744 1 25.37
13795 19926 19922 1 33.2
13797 10664 20704 1 26.88
13798 20703 20704 1 18.9
13799 20743 20733 1 13.55
13802 19922 9258 1 30.13
13803 20621 9258 1 9.65
13804 9258 20624 1 22.45
13807 9258 20622 1 0.49
13813 19927 19926 1 18.62
13816 10715 20743 1 5.51
13817 10715 10697 1 11.02
13823 20645 10719 1 16.8
13824 10719 20648 1 30.09
13828 20623 19927 1 10.25
13830 20697 20695 1 21.47
13833 20626 9269 1 9.67
13834 20734 20733 1 20.97
13839 20734 10657 1 26.55
13845 10733 10654 1 34.02
13847 10735 10719 1 19.86
13850 10737 10715 1 17.64
13861 10747 20648 1 21.0
13867 20639 20640 1 30.86
13868 20640 10735 1 14.68
13882 19916 19914 1 49.57
13892 10765 20623 1 24.5
13895 10768 20640 1 8.04
13899 10772 9273 1 16.53
13900 10772 10765 1 1.98
13909 10777 19928 1 1.04
13910 10772 10777 1 1.47
13919 20735 20734 1 17.13
13920 10786 20735 1 12.78
13925 20641 10735 1 15.04
13926 10790 20697 1 25.36
13928 10791 20735 1 1.82
13930 10793 10768 1 22.44
13931 20626 10793 1 30.09
13933 19916 10794 1 69.25
13934 10794 19923 1 50.76
13935 10795 10791 1 2.01
13936 10796 10687 1 49.16
13937 10797 10678 1 47.62
13938 10765 19929 1 16.4
13939 19929 9258 1 31.92
13942 10800 10796 1 2.61
13943 10791 20736 1 10.09
13944 10800 10802 1 0.42
13950 10493 19879 1 128.07
13951 19879 10800 1 1.08
13957 19929 10811 1 8.32
13960 10802 10813 1 46.39
13961 10814 10747 1 19.32
13965 10813 19890 1 29.7
13966 19890 10687 1 64.95
13972 10824 19879 1 4.33
13973 10824 10825 1 1.4
13976 10797 19890 1 29.07
13984 20698 10790 1 21.42
13985 3589 10833 1 3.37
13986 10833 10795 1 37.63
13988 10777 19925 1 33.2
13993 3589 9264 1 34.14
13994 10833 20737 1 2.29
13995 20647 20641 1 16.62
13996 20647 10814 1 34.36
13998 10768 10841 1 25.9
13999 20642 10768 1 20.97
14000 20628 10733 1 34.87
14001 20628 10793 1 36.44
14013 10852 10824 1 9.81
14030 10865 20650 1 2.14
14031 10865 10814 1 17.59
14041 10852 10874 1 10.1
14047 19924 10794 1 29.74
14048 19925 19924 1 41.49
14054 20738 10795 1 27.99
14055 20738 10833 1 32.41
14067 20647 10895 1 19.39
14091 10895 20651 1 5.93
14096 10920 20628 1 26.59
14097 10841 10920 1 33.2
14101 20654 10865 1 14.14
14115 19924 10934 1 14.81
14118 10811 20628 1 110.34
14120 19915 19916 1 60.73
14123 19891 10797 1 45.79
14124 19891 19915 1 51.57
14141 20699 20654 1 31.2
14142 10945 20752 1 2.18
14147 10960 10920 1 52.01
14148 20642 10960 1 31.69
14155 20701 20698 1 38.35
14163 20699 20701 1 42.47
14164 19890 10972 1 71.98
14165 10972 19891 1 9.52
14169 20705 10790 1 81.67
14170 20705 20737 1 40.02
14179 10981 10960 1 6.94
14183 20752 10984 1 30.34
14189 10990 15712 1 18.89
14190 10990 20750 1 14.4
14206 20741 10990 1 3.45
14207 10984 20741 1 31.62
14222 20651 20653 1 23.88
14227 11021 11022 1 15.23
14228 10852 11021 1 62.94
14237 10984 20751 1 15.79
14240 20653 20652 1 7.95
14241 20706 15625 1 0.67
14244 20652 10981 1 25.86
14249 20653 20662 1 14.37
14250 20662 20654 1 29.34
14251 10920 11038 1 38.97
14260 11043 19891 1 37.21
14271 10920 11056 1 37.0
14275 20755 20701 1 32.64
14276 20706 20755 1 37.92
14287 20768 20751 1 35.16
14320 20765 20741 1 27.33
14321 20765 20768 1 3.34
14329 20662 20754 1 46.62
14340 20754 20755 1 61.26
14345 20766 20765 1 11.65
14395 20663 20662 1 26.5
14420 20769 11172 1 12.27
14421 11118 11172 1 16.09
14450 11191 11043 1 41.66
14486 11172 11219 1 21.98
14494 11038 11226 1 56.97
14497 11229 20765 1 33.75
14501 11219 11229 1 37.6
14508 20767 11229 1 4.56
14516 11244 11191 1 21.2
14517 10934 11244 1 103.94
14529 20770 11219 1 16.88
14530 11253 20770 1 8.12
14531 11056 11254 1 49.37
14544 11264 20663 1 30.82
14562 20757 20706 1 62.27
14604 11314 20757 1 18.98
14613 11229 11320 1 77.22
14614 11320 11314 1 15.91
14616 11323 11264 1 14.2
14641 11264 11344 1 43.07
14656 11344 20756 1 32.41
14657 20756 20757 1 56.59
14670 11226 20655 1 56.28
14671 11369 20767 1 37.83
14679 11369 20771 1 16.8
14682 11377 11323 1 17.53
14698 11390 20655 1 94.24
14699 11391 11254 1 44.25
14721 11409 21821 1 53.46
14728 11414 20756 1 24.22
14735 19940 20655 1 30.47
14744 19940 11409 1 17.42
14767 11447 11414 1 11.03
14768 11448 11391 1 13.04
14801 19932 11244 1 74.57
14802 11409 19932 1 92.67
14812 11480 19932 1 1.81
14814 11482 11459 1 7.66
14820 11448 20661 1 26.9
14823 20661 11390 1 50.04
14853 11509 11369 1 35.35
14854 11482 11509 1 17.86
14856 11511 19940 1 33.72
14859 20779 11509 1 1.9
14863 11516 11480 1 11.53
14868 11377 3100 1 33.63
14884 19940 11531 1 40.65
14900 11544 11545 1 37.84
14901 11509 11544 1 24.41
14902 20780 11509 1 16.71
14929 11569 20757 1 76.76
14930 11545 11569 1 40.82
14933 11572 11511 1 40.6
14934 11569 11522 1 81.55
14991 11617 11569 1 16.46
14992 20761 11617 1 6.29
15022 20658 11572 1 75.47
15038 20780 11654 1 36.97
15056 11667 11617 1 16.47
15069 20760 20761 1 18.07
15080 11667 20760 1 20.44
15139 11654 20776 1 46.57
15149 11736 20760 1 20.36
15159 20776 11736 1 26.11
15222 11736 20762 1 21.73
15246 11817 11667 1 37.66
15247 20762 11817 1 16.44
15283 11817 11846 1 9.13
15286 11817 20668 1 88.91
19920 20739 15625 1 49.28
19930 15641 15642 1 28.55
19931 15641 15643 1 10.24
19932 15644 15641 1 5.68
19933 15643 20536 1 8.95
19947 15665 9786 1 32.05
19954 15677 15665 1 23.58
19959 15685 15686 1 9.69
19960 15685 15687 1 8.56
19961 15688 15689 1 0.21
19962 15690 15691 1 6.95
19963 15690 15688 1 1.19
19964 15692 15685 1 3.73
19965 15692 15690 1 8.31
19966 15688 15693 1 4.06
19967 20503 15695 1 14.19
19968 20503 15692 1 7.04
19969 20546 15697 1 17.65
19971 15700 15644 1 41.64
19973 15644 15702 1 12.07
19979 20739 15712 1 32.59
29653152 21821 19929 1 130.2
29653166 15625 20705 1 16.33
29653167 15712 20738 1 8.59
29653168 20741 20739 1 30.42
29653273 20721 20692 1 26.96
