514 721 177
21074
21076
21077
21078
21079
21080
21081
21082
21083
21099
21102
21103
21104
21105
21106
21107
21108
21109
21110
21111
21112
21114
21115
21116
21117
21118
21119
21120
21130
21131
21132
21133
21134
21135
21136
21137
21138
21139
21140
21141
21142
21143
21144
21145
21146
21147
21148
21149
21150
21151
21152
21153
21154
21155
21161
21183
21195
21196
21197
21232
21233
21234
21235
21236
21237
21238
21239
21241
21242
21243
21244
21245
21246
21247
21248
21249
21250
21251
21252
21253
21254
21255
21256
21257
21258
21259
21262
21268
21269
21270
21271
21293
21294
21295
21297
21298
21299
21300
21301
21302
21303
21304
21305
21306
21307
21308
21309
21310
21311
21312
21323
21324
21325
21326
21332
21333
21334
21335
21337
21338
21339
21340
21341
21342
21343
21344
21345
21346
21347
21348
21349
21350
21351
21352
21353
21354
21355
21356
21357
21358
21359
21361
21362
21363
21364
21365
21366
21367
21368
21369
21370
21371
21372
21373
21374
21375
21376
21377
21378
21379
21380
21381
21382
21383
21384
21385
21386
21387
21388
21389
21391
21392
21393
21394
21395
21396
21397
2294 1831 1832 1 4.04
2529 2033 2034 1 6.26
2559 21339 2063 1 16.69
15846 21133 21130 1 18.02
15847 21133 12220 1 10.95
15857 12271 21133 1 11.56
15939 21131 12271 1 23.44
15961 12367 12368 1 13.82
15974 21139 12387 1 24.38
15975 21147 21145 1 22.18
15980 12396 12367 1 12.09
16000 21138 21137 1 12.54
16001 12424 12425 1 2.52
16051 21132 21131 1 20.61
16052 12488 21133 1 18.75
16054 21132 12488 1 12.63
16087 21134 12488 1 5.55
16089 12499 12517 1 4.44
16108 12531 21134 1 5.97
16114 12537 12531 1 5.97
16122 12543 12485 1 12.71
16131 12547 12537 1 11.71
16132 12517 12547 1 6.19
16158 12568 21134 1 10.86
16161 12547 21161 1 5.61
16162 21161 12543 1 8.83
16168 12575 12576 1 5.04
16218 21161 12613 1 13.78
16221 12614 12575 1 10.47
16224 12568 12617 1 8.93
16234 21144 12614 1 9.45
16235 21144 12576 1 8.52
16238 21149 12568 1 10.5
16242 12629 12630 1 13.0
16246 12633 21161 1 17.99
16247 12633 21149 1 4.76
16248 12634 21135 1 6.54
16249 12634 12617 1 6.3
16250 21149 12617 1 8.17
16281 21144 21146 1 21.38
16282 21146 12664 1 12.95
16283 21146 12634 1 13.3
16290 12669 21161 1 16.02
16306 21139 12629 1 8.91
16307 21139 12614 1 10.42
16315 21139 12682 1 7.12
16326 12368 21146 1 9.77
16332 21139 21145 1 12.06
16333 21145 21144 1 12.29
16334 21145 12697 1 1.15
16359 21136 12712 1 8.44
16372 21183 12633 1 21.82
16373 21183 12669 1 8.24
16416 21076 21078 1 20.93
16417 21137 21136 1 12.4
16418 12682 21137 1 30.33
16430 12425 21183 1 17.28
16441 21077 21074 1 24.69
16442 21076 21077 1 33.1
16444 12765 21077 1 9.07
16458 21078 12772 1 16.04
16459 12772 12377 1 4.85
16460 12772 21137 1 24.04
16477 12779 21147 1 8.07
16508 21150 12396 1 10.73
16516 12425 21150 1 25.36
16519 21140 21137 1 21.93
16520 12387 21140 1 18.59
16529 12820 21138 1 16.87
16535 12824 12779 1 12.7
16536 21150 12824 1 20.57
16538 21140 12820 1 7.4
16542 21077 12829 1 35.09
16547 12824 12833 1 2.73
16556 21148 12779 1 11.46
16557 12833 21148 1 9.51
16559 21079 21078 1 29.2
16560 21079 12772 1 20.55
16561 21079 21138 1 21.64
16562 21079 12820 1 27.61
16563 12829 21079 1 29.12
16571 12847 12833 1 3.97
16600 12855 12871 1 6.6
16631 12894 12871 1 4.07
16633 12895 21140 1 28.93
16638 12895 12900 1 0.63
16640 21151 12903 1 1.85
16641 21147 12904 1 28.03
16642 12903 12904 1 0.69
16645 12904 12895 1 5.5
16646 12894 21195 1 5.12
16656 12829 21082 1 22.19
16657 21082 21079 1 18.49
16667 12925 12847 1 14.68
16677 12925 12934 1 11.02
16680 21154 21150 1 21.61
16684 21154 12925 1 7.69
16686 12934 21151 1 20.35
16692 12945 21154 1 19.48
16693 12945 12894 1 8.7
16702 21196 21195 1 8.41
16733 21141 21079 1 25.84
16756 21197 21196 1 8.93
16757 12998 12945 1 10.92
16758 21197 12998 1 13.57
16765 13003 21141 1 5.58
16773 13009 21141 1 15.33
16781 21152 12934 1 18.83
16783 12998 21152 1 27.86
16805 13033 21082 1 27.34
16806 21080 21082 1 30.5
16810 21077 13038 1 69.6
16814 13041 12904 1 32.23
16815 13041 21152 1 28.39
16825 13033 13049 1 7.4
16826 13049 13003 1 8.57
16834 13038 21080 1 30.4
16839 21080 21083 1 24.17
16840 21083 13033 1 6.84
16846 21143 13009 1 18.61
16847 21140 21143 1 47.85
16848 21143 13041 1 19.67
16853 21143 21142 1 3.31
16857 13049 21142 1 31.48
16924 21152 13116 1 21.38
16946 21155 12998 1 28.73
16947 13101 21155 1 23.39
16951 13116 13136 1 11.82
16952 13136 21155 1 12.25
16953 13137 21083 1 16.1
16957 21142 13139 1 15.92
16972 13151 13139 1 14.68
16973 13152 13151 1 4.77
16987 13163 13041 1 24.46
16988 13163 13116 1 30.3
16998 21153 13152 1 12.87
16999 21142 21153 1 32.7
17000 21153 13163 1 3.49
17010 13178 13038 1 38.78
17016 21081 13178 1 35.07
17017 21081 21080 1 29.14
17029 13188 21153 1 6.96
17033 13178 13192 1 14.91
17044 13139 13200 1 13.64
17045 13200 21153 1 34.32
17051 13205 13137 1 20.95
17062 21237 13188 1 17.13
17064 13200 13216 1 3.86
17065 21153 13216 1 32.84
17067 13136 21239 1 19.26
17078 13227 13205 1 6.23
17079 13227 13200 1 16.9
17088 21103 13192 1 15.95
17102 13243 13227 1 4.22
17103 13216 13243 1 16.18
17127 13258 13243 1 5.09
17129 13259 21237 1 9.47
17139 13265 13258 1 9.35
17140 13216 13265 1 11.06
17147 1831 13178 1 25.58
17150 21107 21081 1 39.88
17151 21107 13137 1 33.51
17152 21107 13227 1 18.63
17153 13243 21107 1 19.92
17183 13192 1831 1 26.74
17185 13265 21232 1 16.19
17186 21232 13188 1 27.93
17211 13317 13265 1 15.64
17212 13317 21232 1 3.28
17216 21107 13265 1 37.28
17254 1832 21106 1 17.85
17255 21081 21106 1 39.62
17256 21107 21106 1 47.04
17260 13349 21107 1 15.63
17266 13354 21155 1 56.89
17267 21262 13354 1 27.13
17271 13265 13357 1 19.0
17288 13370 13259 1 25.49
17298 21239 13376 1 34.15
17299 13377 13376 1 2.65
17301 13376 13379 1 7.57
17302 13357 13380 1 5.64
17308 13370 13384 1 2.69
17309 13385 13384 1 0.5
17310 13385 13259 1 29.11
17311 13377 13385 1 19.01
17318 21238 21232 1 28.47
17319 13384 21238 1 21.43
17322 13379 13394 1 12.34
17326 21259 13354 1 9.4
17330 13401 13349 1 10.45
17342 13380 13409 1 7.68
17343 13409 13317 1 21.83
17344 13394 13410 1 8.05
17345 21259 13410 1 3.45
17346 21106 13411 1 43.8
17347 13411 13401 1 4.73
17372 13401 13431 1 11.51
17378 21238 13435 1 14.3
17387 13443 21104 1 4.96
17388 21106 13443 1 50.82
17399 13409 21233 1 16.17
17400 13435 21233 1 7.32
17426 13471 21268 1 6.22
17438 13479 13411 1 13.98
17444 21259 13484 1 22.35
17447 13384 21241 1 24.18
17448 21241 13385 1 25.29
17449 13377 21241 1 26.81
17450 21241 13410 1 43.31
17455 13431 21234 1 31.07
17456 21234 13409 1 21.95
17469 21234 13500 1 3.13
17472 13503 21106 1 39.42
17490 21233 13519 1 14.35
17503 13528 21241 1 7.91
17504 13471 13529 1 14.05
17505 13484 21270 1 14.93
17508 21293 13529 1 6.6
17519 13539 13479 1 16.33
17522 13542 13528 1 2.93
17533 21269 21241 1 30.45
17534 21269 13410 1 33.06
17535 21269 21270 1 18.15
17551 13519 21236 1 11.47
17552 21236 21241 1 50.61
17553 13500 21236 1 28.18
17579 13443 21105 1 40.29
17580 13583 13539 1 16.92
17581 13500 13584 1 20.66
17585 13529 21271 1 16.02
17595 13596 21236 1 18.16
17597 21236 13599 1 11.55
17598 13584 13596 1 13.46
17617 13614 13484 1 38.77
17626 13614 13622 1 5.29
17639 21235 13583 1 10.15
17640 21235 13584 1 16.89
17645 21106 13635 1 72.72
17647 13599 13637 1 9.64
17652 13635 21235 1 33.68
17658 13643 13636 1 10.53
17659 21108 13503 1 32.73
17660 21108 13635 1 35.63
17661 13645 13614 1 21.29
17662 21271 13645 1 14.96
17679 13660 21269 1 36.24
17680 13622 13660 1 18.98
17700 21242 13542 1 37.56
17701 21242 21269 1 37.78
17708 13681 13645 1 12.58
17709 13682 13643 1 16.21
17722 13681 13691 1 5.9
17723 13691 13682 1 1.83
17731 21294 13645 1 14.49
17733 13699 21242 1 28.47
17742 13706 13660 1 15.17
17743 13706 13699 1 23.22
17748 13691 21295 1 4.12
17749 13711 13706 1 22.42
17750 13711 21294 1 3.96
17754 21294 13714 1 10.0
17755 13714 13681 1 7.72
17756 13714 13711 1 11.19
17766 13722 13714 1 8.95
17774 13596 21246 1 49.3
17775 13637 21246 1 28.45
17776 21242 21246 1 43.61
17782 13947 21246 1 36.48
17783 21246 13767 1 49.48
17789 21105 13735 1 45.38
17790 13735 21108 1 45.77
17804 13735 21109 1 2.01
17811 13749 13714 1 13.0
17812 13749 21305 1 6.51
17813 13722 21305 1 7.0
17836 13767 21235 1 37.23
17840 13635 13769 1 47.67
17841 13767 13769 1 0.52
17846 13773 13749 1 4.03
17848 13769 21243 1 1.02
17853 21299 13706 1 21.07
17854 21299 13711 1 18.07
17855 13780 13773 1 23.16
17868 13735 13789 1 27.67
17872 21306 21305 1 14.64
17873 13793 21246 1 28.82
17874 13793 21242 1 36.45
17875 13794 21299 1 3.45
17876 13794 13780 1 5.2
17891 13804 21306 1 5.34
17898 21303 21304 1 15.62
17899 21253 13814 1 4.71
17900 21256 13814 1 12.13
17901 13814 21254 1 2.76
17907 13823 21245 1 32.32
17908 13823 21249 1 30.61
17909 13826 13827 1 17.5
17919 13840 13841 1 20.44
17920 13842 21387 1 3.67
17921 13842 13844 1 5.27
17922 13845 21392 1 11.59
17926 13853 21394 1 3.91
17927 13853 13845 1 3.54
17929 13856 21395 1 5.44
17932 13861 13862 1 21.83
17933 13863 21371 1 8.88
17937 13861 21379 1 14.67
17938 13871 13872 1 7.34
17940 13875 13876 1 8.94
17941 13877 13875 1 4.22
17944 13881 13882 1 9.22
17948 21373 13888 1 4.87
17949 13889 13890 1 13.94
17950 21373 21375 1 10.13
17952 13892 21339 1 5.86
17953 21382 13872 1 6.99
17954 13894 13895 1 12.2
17955 13875 13895 1 6.71
17957 13889 13897 1 3.76
17958 21352 13899 1 17.18
17959 13899 21348 1 10.55
17960 13901 13892 1 9.9
17964 13908 21381 1 15.05
17971 13919 13920 1 24.36
17978 13926 13780 1 21.45
17985 21298 13932 1 18.07
17986 21298 13794 1 31.26
17987 13769 13933 1 37.6
17988 13793 21248 1 13.03
17989 13935 21248 1 30.24
17995 13941 13735 1 32.85
18000 21307 13773 1 28.56
18001 21248 13947 1 39.57
18003 13949 13804 1 9.3
18008 21111 13735 1 35.23
18009 13789 21111 1 23.95
18013 13955 21248 1 9.27
18019 13959 13926 1 14.17
18027 21243 13964 1 34.61
18028 13964 13965 1 0.25
18029 13947 13965 1 25.87
18030 13965 21244 1 0.36
18031 13967 13959 1 13.2
18032 13967 21307 1 11.0
18034 21108 21117 1 68.04
18035 13933 21117 1 35.86
18039 13941 21117 1 29.34
18040 21247 13955 1 15.15
18042 13967 13974 1 17.63
18043 13974 13975 1 10.7
18044 13974 21309 1 12.8
18049 13980 13967 1 6.37
18050 21118 13933 1 20.74
18053 21244 13984 1 39.15
18056 13984 21118 1 20.87
18057 13986 13980 1 2.72
18060 13965 13989 1 14.21
18063 21110 21111 1 19.81
18064 13794 13992 1 35.44
18068 21111 21099 1 25.44
18069 21099 21110 1 11.33
18071 21308 13986 1 11.0
18072 13999 21117 1 12.47
18073 13999 21118 1 31.36
18074 14000 13960 1 21.29
18075 14001 13995 1 6.66
18078 21115 13941 1 29.04
18079 14005 13992 1 14.58
18080 21110 21115 1 31.27
18081 13999 21115 1 29.16
18085 14009 21110 1 7.8
18086 21248 21297 1 46.29
18089 14000 14001 1 23.88
18090 21310 21308 1 15.05
18091 13974 21310 1 16.92
18094 13955 14014 1 28.28
18095 14015 21247 1 24.75
18096 14016 13984 1 24.43
18097 14016 13989 1 28.48
18098 21119 13999 1 15.03
18106 14023 14016 1 18.78
18113 14027 14028 1 14.36
18114 14027 14005 1 16.3
18115 14029 13986 1 27.23
18117 13989 14031 1 26.26
18118 14032 21310 1 14.38
18120 14029 14034 1 40.17
18121 14031 14035 1 0.34
18122 14035 14015 1 17.98
18124 14037 14032 1 2.12
18125 14038 14037 1 6.58
18128 14032 21311 1 2.7
18130 21311 14000 1 28.27
18132 14014 21251 1 11.44
18137 21112 14009 1 19.59
18138 21112 21115 1 26.45
18148 21245 14016 1 16.69
18149 14056 14023 1 19.32
18154 21300 14027 1 10.55
18155 13992 14061 1 28.42
18156 14061 14029 1 19.46
18157 14061 21300 1 23.23
18160 14063 14027 1 19.1
18166 14068 14037 1 11.62
18167 21251 21255 1 10.65
18173 21255 14073 1 18.86
18174 21312 14068 1 2.27
18187 14073 21252 1 6.42
18190 21102 21099 1 38.69
18191 14083 14068 1 10.38
18192 14083 21312 1 8.56
18195 21255 14086 1 12.97
18196 14086 14063 1 14.57
18199 14086 21257 1 2.03
18200 13827 14083 1 8.38
18205 14091 21112 1 19.83
18206 21116 14091 1 31.06
18208 14035 21249 1 28.56
18209 14094 21102 1 7.16
18210 21300 14095 1 22.76
18211 14095 14061 1 24.25
18212 21120 21116 1 33.57
18213 21120 21119 1 36.66
18214 21120 14056 1 29.33
18215 14086 21256 1 8.3
18216 14091 21114 1 4.5
18217 21257 14098 1 10.44
18224 21252 21253 1 15.92
18225 21304 14095 1 4.6
18234 21120 14105 1 20.83
18235 14106 14107 1 3.06
18240 14112 14094 1 11.96
18243 21249 21250 1 17.37
18244 21254 21258 1 7.52
18245 14107 21258 1 7.64
18247 21301 14106 1 11.84
18248 14098 21301 1 10.71
18251 21302 21301 1 3.08
18252 21302 21303 1 10.1
18253 14121 21254 1 9.28
18254 21258 14121 1 2.69
18258 14124 14061 1 36.54
18262 14105 21342 1 19.5
18264 14129 14105 1 6.67
18266 21114 14131 1 27.77
18267 14131 21342 1 4.75
18268 14124 21397 1 10.93
18269 13826 21397 1 15.57
18270 14133 21120 1 51.48
18271 13823 14133 1 24.47
18273 21391 21304 1 14.33
18276 21391 21302 1 27.82
18281 21335 21102 1 31.73
18282 21335 21114 1 19.56
18283 14140 21302 1 6.28
18286 21323 14112 1 8.38
18287 21250 14142 1 9.73
18288 14143 21391 1 13.91
18290 21258 21378 1 16.98
18291 21341 14131 1 8.65
18292 21396 14143 1 11.22
18293 21396 14124 1 7.92
18301 14153 21323 1 9.44
18302 14153 21335 1 14.78
18305 14155 21396 1 4.79
18306 14142 14156 1 12.71
18308 21378 14157 1 13.4
18309 14157 14140 1 12.66
18310 14156 14158 1 0.81
18311 14159 14158 1 0.24
18312 14121 14159 1 18.72
18313 21376 14142 1 12.99
18314 14158 21376 1 21.04
18317 14163 14133 1 26.96
18318 14164 14129 1 12.71
18319 14165 21341 1 11.89
18320 14166 21391 1 13.94
18321 2033 21323 1 26.44
18322 14166 14155 1 26.69
18323 21369 13823 1 27.15
18324 21369 21376 1 24.51
18325 21334 14153 1 7.04
18326 21396 14169 1 10.72
18330 21384 14140 1 15.84
18332 14158 14174 1 9.62
18334 21393 14155 1 9.95
18336 14177 14178 1 10.94
18337 14178 14157 1 13.54
18341 14174 14181 1 2.85
18342 14181 14177 1 1.82
18344 21369 21368 1 15.16
18346 21120 14185 1 39.44
18347 14185 14163 1 18.01
18348 14186 21393 1 5.38
18349 21337 14153 1 24.06
18350 21385 21384 1 6.5
18353 14191 14157 1 15.09
18354 21392 14166 1 9.96
18356 14178 14191 1 19.35
18357 21385 21392 1 10.8
18362 21343 21337 1 24.24
18363 21343 14165 1 12.68
18364 21342 21343 1 26.89
18365 21369 21370 1 12.52
18368 14186 14199 1 7.91
18374 21338 2033 1 13.5
18375 21338 21334 1 13.7
18378 13844 21385 1 7.39
18380 21344 21343 1 12.21
18381 21344 14164 1 18.5
18382 21340 21338 1 16.09
18383 21337 21340 1 10.04
18384 21395 14186 1 12.68
18386 13841 21344 1 19.24
18387 13841 14185 1 17.7
18390 21368 21366 1 36.54
18391 21394 21395 1 6.84
18392 14191 21386 1 10.61
18393 21386 13844 1 9.14
18396 14185 13840 1 15.7
18397 21366 13840 1 19.17
18398 21324 21338 1 9.76
18399 14213 13845 1 2.43
18400 14213 13853 1 4.38
18401 14214 13842 1 3.18
18402 13845 14214 1 10.13
18404 21386 14216 1 7.13
18405 21387 14216 1 3.8
18411 14216 14222 1 2.31
18412 14214 14222 1 4.76
18420 21353 13841 1 13.62
18421 21370 13862 1 25.47
18422 13862 21376 1 33.76
18423 13862 14181 1 41.46
18424 21377 13862 1 0.52
18425 14232 13853 1 10.63
18426 14232 13856 1 8.45
18427 14222 14233 1 8.03
18428 14181 14233 1 44.72
18431 14222 14236 1 10.96
18432 14236 14214 1 9.71
18434 13872 13861 1 15.76
18439 14241 21367 1 5.22
18440 21375 21371 1 8.34
18441 14243 13877 1 12.07
18442 13888 14241 1 2.65
18443 14244 21339 1 44.23
18444 14244 21340 1 27.26
18446 14247 14244 1 0.81
18447 14236 14248 1 3.39
18448 14248 14213 1 11.46
18450 14248 14249 1 3.93
18451 14249 14232 1 8.38
18452 13840 14250 1 15.55
18454 14250 21353 1 31.01
18455 14233 14252 1 6.05
18457 14254 14255 1 0.47
18458 21343 14255 1 24.44
18459 14252 14256 1 5.39
18460 14252 21388 1 3.97
18461 14233 14258 1 9.68
18462 14254 14247 1 8.96
18466 14259 21325 1 0.58
18467 21325 21324 1 15.62
18468 21388 14258 1 10.64
18470 13890 21344 1 22.74
18471 21353 13890 1 9.78
18472 13890 14263 1 0.86
18474 14263 14265 1 0.4
18475 14265 14266 1 1.49
18476 14236 21389 1 5.16
18477 14268 14265 1 0.81
18480 14270 14250 1 4.76
18483 2063 14259 1 2.66
18485 14258 13876 1 9.3
18487 21388 14243 1 3.34
18488 14255 14275 1 11.2
18489 14266 14275 1 5.29
18492 14277 14232 1 11.6
18494 13876 13894 1 6.55
18495 14279 14254 1 12.0
18496 14268 14279 1 5.85
18499 21367 14250 1 57.18
18500 14279 21352 1 3.96
18501 21352 14268 1 3.69
18502 14181 13871 1 36.91
18503 13894 13871 1 3.81
18504 14243 13881 1 2.69
18509 21371 14283 1 21.41
18510 21371 21377 1 20.05
18513 21379 13863 1 3.41
18514 21379 13862 1 13.95
18516 14285 13871 1 10.82
18517 13895 14285 1 7.51
18518 21382 14285 1 8.45
18521 14287 13890 1 16.69
18522 13897 14287 1 2.3
18524 21357 14270 1 16.42
18525 14290 13892 1 5.42
18527 14292 14244 1 23.62
18528 14292 21348 1 11.34
18529 21326 14259 1 29.13
18530 14294 13895 1 5.23
18531 14294 13875 1 8.96
18532 21326 14290 1 25.71
18533 14294 14295 1 4.92
18534 14296 21326 1 36.85
18537 14300 14285 1 4.58
18538 14295 14300 1 2.75
18539 14295 14301 1 4.69
18540 14301 14294 1 1.41
18541 14302 14300 1 4.17
18542 13899 21349 1 5.86
18544 21349 14305 1 6.95
18545 14306 14241 1 17.95
18546 14307 14295 1 1.94
18547 14305 21345 1 17.09
18550 21345 13901 1 15.82
18551 21345 14292 1 4.82
18553 14263 21354 1 22.1
18554 14287 21354 1 8.05
18555 14312 13861 1 17.1
18556 14312 21382 1 14.98
18563 14317 21349 1 9.78
18564 21354 14317 1 3.73
18566 14319 21354 1 8.79
18567 14319 14287 1 8.9
18568 21374 14306 1 10.32
18574 21374 14323 1 0.89
18577 14326 21326 1 9.29
18579 14328 21374 1 4.22
18583 14331 14319 1 5.23
18586 14323 14334 1 2.96
18587 14335 14290 1 11.88
18589 14334 21375 1 26.84
18590 14336 21345 1 9.38
18595 14340 14312 1 10.14
18596 21346 21345 1 8.21
18597 14336 21346 1 7.26
18600 14317 14336 1 27.97
18608 21355 14331 1 3.13
18609 21355 13889 1 19.24
18618 14340 21380 1 3.2
18621 14359 13863 1 27.67
18622 14359 14340 1 17.98
18628 21383 14312 1 14.04
18635 14369 14359 1 6.39
18639 14374 14335 1 18.77
18640 14374 21346 1 14.44
18641 13920 21357 1 27.44
18642 13920 14328 1 29.41
18643 14375 21326 1 28.85
18644 13920 21372 1 1.39
18645 21354 21351 1 25.19
18648 14379 14331 1 17.5
18652 14383 14323 1 20.66
18653 14369 14383 1 26.56
18655 21351 21350 1 11.69
18661 21381 14369 1 11.18
18663 13920 14391 1 13.2
18674 21356 21355 1 27.66
18675 21347 14374 1 16.56
18676 21350 21347 1 18.04
18679 14402 14379 1 12.99
18680 14391 14403 1 21.53
18681 21356 14403 1 4.25
18686 14406 14383 1 11.88
18696 14412 14413 1 10.79
18704 14419 14403 1 10.98
18706 21361 21351 1 46.01
18707 21361 14402 1 11.56
18708 21361 14419 1 7.46
18710 21358 14375 1 32.02
18711 21358 14374 1 36.21
18712 21347 21358 1 18.86
18728 21358 14438 1 17.17
18729 14438 21347 1 19.2
18730 21361 14438 1 62.33
18734 21362 21361 1 8.12
18736 14445 14446 1 18.41
18741 21332 21333 1 12.65
18751 14438 14461 1 21.6
18757 21333 14467 1 35.04
18758 21358 14467 1 22.39
18760 21365 14391 1 38.86
18761 21365 14470 1 12.65
18766 14461 14474 1 15.28
18768 21363 21362 1 15.99
18772 14467 21359 1 3.72
18775 14474 14484 1 24.65
18776 14484 21363 1 5.45
18783 21364 21363 1 7.16
18784 14419 21364 1 28.7
18791 21364 21365 1 25.28
18803 14505 14461 1 13.52
18805 14507 14484 1 8.79
20109 15842 14034 1 3.83
20110 14413 21381 1 29.04
20113 15847 14470 1 19.73
20116 15849 14446 1 25.28
20117 14323 15850 1 24.45
20118 15851 21368 1 29.91
20119 14241 14283 1 11.1
20121 15850 14446 1 18.29
20124 15842 21310 1 8.71
20126 13992 13967 1 41.71
20401 13935 21242 1 32.76
20428 21297 16118 1 38.29
20452 21103 16065 1 17.24
20702 14446 13919 1 1.62
20703 14446 15847 1 0.65
20704 14413 14406 1 0.98
20705 15849 14413 1 1.06
20706 14283 21367 1 9.99
20707 14283 15851 1 0.01
20708 14034 14038 1 0.0
20709 21297 14028 1 0.67
20710 13975 13949 1 9.16
20711 13932 13935 1 0.52
20712 16118 13935 1 1.68
