352 462 75
19367
19368
19369
19372
19374
19375
19376
19382
19383
19384
19385
19393
19394
19395
19397
19398
19399
19400
19401
19402
19403
19404
19405
19406
19407
19408
19420
19422
19428
19429
19431
19432
19433
19434
19435
19436
19437
19438
19439
19440
19441
19442
19443
19444
19445
19446
19447
19448
19449
19450
19451
19452
19453
19454
19455
19456
19457
19458
19459
19460
19461
19462
19479
19481
19483
19499
19500
19501
19502
19503
19504
19505
19506
19507
19509
3835 3087 3088 1 3.55
6159 4883 4836 1 3.75
6169 4890 4891 1 2.53
6170 4883 4890 1 1.32
6249 4948 4883 1 35.24
6259 4948 4942 1 17.84
6301 4942 19368 1 13.41
6338 5004 19367 1 0.71
6350 19368 19367 1 12.57
6358 4948 5017 1 9.83
6370 4890 19374 1 20.52
6371 5029 4836 1 25.71
6386 19372 4942 1 19.71
6387 19372 5017 1 11.94
6401 5029 19375 1 6.12
6412 5061 19375 1 1.96
6419 19375 5066 1 4.51
6424 19367 19369 1 14.15
6443 5061 19376 1 4.53
6444 5066 19376 1 2.41
6445 5017 5087 1 17.89
6453 19376 5091 1 0.96
6458 19369 5094 1 2.34
6469 5104 5091 1 3.48
6470 5104 5066 1 4.18
6480 5087 5111 1 5.41
6481 5111 19374 1 20.48
6488 5117 19367 1 25.59
6489 5117 19368 1 23.23
6490 19372 5117 1 20.41
6491 5117 19369 1 18.9
6505 5117 5127 1 2.42
6508 19397 19372 1 13.75
6510 5133 5094 1 6.61
6511 5127 5134 1 9.95
6513 19397 5134 1 8.75
6525 5111 5144 1 7.13
6526 5061 5144 1 29.82
6542 5104 5154 1 8.44
6548 5087 19399 1 14.18
6568 19399 5174 1 8.98
6576 5181 5144 1 11.61
6580 5185 19397 1 11.41
6581 5174 5185 1 2.48
6586 5189 5133 1 11.87
6587 5189 5127 1 14.01
6589 5144 5191 1 7.3
6591 5193 5091 1 18.6
6593 5193 19403 1 2.52
6602 5191 5201 1 2.18
6605 5204 5181 1 11.15
6612 19402 5201 1 1.42
6613 19402 5204 1 4.02
6618 5201 5213 1 5.29
6625 19399 5219 1 10.62
6626 5213 5219 1 2.31
6631 5224 19402 1 4.23
6632 5224 5204 1 4.0
6633 5213 5225 1 1.83
6636 5227 5185 1 10.31
6637 5219 5227 1 3.35
6660 5249 5250 1 6.03
6661 5249 5224 1 3.18
6662 19398 19397 1 17.54
6666 19431 5255 1 1.83
6667 5094 5256 1 29.32
6668 5225 5257 1 3.59
6669 19429 5193 1 15.24
6676 5264 5249 1 1.56
6681 5257 5264 1 9.41
6684 5272 5264 1 1.74
6687 5189 5275 1 12.32
6688 5134 5275 1 27.34
6690 5277 5256 1 4.16
6698 5283 19398 1 11.51
6699 5282 19429 1 6.39
6700 5277 19383 1 1.19
6704 5288 5277 1 10.05
6705 5275 19384 1 1.72
6709 5292 5283 1 1.35
6710 5185 5292 1 13.95
6713 5295 19384 1 0.18
6714 5296 5292 1 3.63
6716 19384 5288 1 11.58
6717 5298 5296 1 5.49
6718 5257 5298 1 6.39
6723 5302 5255 1 4.97
6724 5302 19431 1 6.43
6730 5298 5306 1 0.57
6731 5307 19384 1 7.21
6732 19398 5307 1 15.32
6738 5311 5312 1 1.85
6739 5272 5312 1 6.18
6748 5320 5311 1 4.37
6751 5306 5320 1 7.46
6757 5277 5327 1 6.51
6766 5333 19431 1 19.61
6768 5335 5272 1 12.0
6776 15518 5343 1 2.23
6777 5343 5335 1 2.71
6788 5327 5352 1 5.87
6791 5354 5282 1 13.01
6796 5358 5354 1 3.25
6797 5358 5302 1 7.87
6799 5360 19433 1 1.46
6800 19433 5333 1 3.48
6806 5292 5366 1 15.11
6808 5368 5335 1 4.22
6817 19404 5368 1 2.33
6818 5343 19404 1 3.75
6829 5381 5360 1 9.47
6834 19429 5385 1 22.17
6837 5368 5388 1 5.3
6838 5385 19404 1 5.29
6839 5386 5389 1 0.62
6841 5352 5391 1 4.14
6842 5391 5277 1 17.15
6843 5288 5391 1 14.06
6844 5392 5386 1 0.83
6845 5389 5392 1 1.21
6853 5381 5358 1 10.85
6871 5306 5413 1 15.21
6874 19432 5354 1 11.35
6881 5420 5381 1 8.47
6882 5420 5392 1 3.61
6892 5352 19382 1 10.81
6897 19432 5437 1 4.03
6905 5413 19401 1 4.7
6907 19404 5444 1 10.91
6908 5445 19382 1 4.77
6909 5391 5445 1 7.7
6918 5413 5454 1 16.71
6923 5459 15503 1 3.24
6924 5459 5437 1 5.87
6927 5444 15504 1 6.14
6936 5389 5469 1 16.86
6942 5473 16262 1 11.84
6943 19382 5473 1 8.22
6954 16262 16261 1 10.73
6958 5445 19385 1 7.28
6979 5497 5420 1 13.68
6980 5497 5469 1 8.74
6982 5499 5497 1 0.32
6985 5502 5499 1 11.6
7000 5513 5459 1 8.94
7024 5532 19401 1 18.14
7026 5534 15504 1 12.18
7027 5307 19400 1 39.01
7028 5532 19400 1 19.59
7037 5541 5391 1 30.22
7038 19400 5541 1 4.76
7064 5499 5564 1 20.68
7065 5469 5564 1 16.4
7077 19401 5573 1 23.93
7082 5577 5513 1 11.51
7100 5564 5592 1 4.01
7105 5577 5598 1 30.98
7108 19434 5577 1 12.56
7109 5437 19434 1 27.81
7115 19437 5499 1 16.01
7118 5607 19434 1 3.45
7132 5617 5534 1 13.39
7133 5617 5598 1 6.65
7134 19437 5607 1 24.62
7146 5626 5617 1 1.28
7147 19434 19435 1 4.51
7148 19435 5607 1 3.16
7150 19405 5532 1 12.57
7151 5573 19405 1 11.0
7157 19439 5634 1 16.33
7158 5634 5635 1 1.31
7164 19408 5646 1 14.38
7165 5646 5647 1 22.9
7184 5678 5679 1 3.57
7192 5688 5689 1 32.4
7216 19457 5729 1 28.25
7246 5541 19394 1 18.35
7252 5778 5779 1 2.32
7253 5592 5779 1 5.85
7256 19393 5473 1 24.81
7257 19394 19385 1 33.0
7258 19393 19394 1 12.04
7261 5785 5778 1 9.38
7262 5785 19437 1 8.7
7263 5779 5786 1 2.29
7264 5592 5787 1 6.61
7267 19400 5791 1 16.66
7268 5792 5785 1 3.35
7274 5787 5798 1 1.06
7276 5800 5801 1 0.86
7278 5786 5800 1 1.36
7279 5801 5792 1 2.45
7280 19443 5779 1 5.21
7281 5798 19443 1 0.35
7282 5573 19407 1 14.0
7283 5626 19407 1 9.4
7297 5813 19405 1 6.03
7298 5813 19407 1 10.9
7299 19442 5812 1 1.71
7301 5816 5577 1 14.28
7303 5791 19405 1 18.81
7306 5817 19442 1 4.89
7320 5785 5831 1 4.88
7321 5792 5831 1 5.22
7329 5837 5813 1 4.96
7352 5831 19438 1 5.73
7355 19394 5860 1 12.01
7361 5866 19442 1 10.6
7367 5860 19395 1 2.86
7379 5626 5881 1 16.79
7384 5837 5884 1 12.65
7396 5895 5866 1 3.0
7397 5896 5541 1 27.11
7398 5791 5896 1 13.2
7401 5884 5896 1 5.93
7407 5903 5895 1 2.3
7416 19395 5896 1 27.27
7418 5910 5895 1 2.52
7426 5831 5903 1 18.42
7427 19395 5916 1 6.49
7448 5881 5933 1 14.06
7450 5935 5816 1 16.53
7451 5935 19435 1 24.39
7458 5941 5910 1 9.15
7478 5933 5647 1 5.37
7484 19406 5884 1 11.59
7485 5647 5960 1 8.56
7493 5967 5941 1 4.54
7503 19444 5910 1 11.83
7514 5837 5986 1 27.37
7515 5881 5986 1 24.3
7516 19438 19439 1 29.58
7541 6008 5903 1 18.49
7542 6008 19444 1 7.91
7545 6011 6008 1 1.4
7546 6012 5967 1 8.85
7549 5960 6015 1 17.22
7550 6015 5935 1 14.85
7551 5986 19408 1 4.66
7572 6030 6012 1 3.07
7574 6015 19436 1 6.79
7575 19439 19436 1 28.38
7600 5635 6011 1 7.5
7601 6012 5635 1 24.86
7604 19408 6049 1 8.17
7662 19439 6098 1 17.02
7663 6099 19436 1 13.59
7664 6030 6100 1 15.05
7669 6085 6100 1 13.4
7681 19441 5634 1 8.82
7682 6114 19436 1 16.34
7683 6098 19440 1 4.81
7688 6114 6099 1 9.99
7691 6114 19440 1 5.35
7698 19441 6098 1 19.46
7711 6049 6133 1 17.75
7721 6049 6140 1 17.64
7724 19420 6140 1 1.04
7762 19449 6176 1 10.41
7764 5646 19445 1 25.94
7765 6099 19445 1 19.23
7791 6196 19445 1 4.86
7797 6196 19420 1 19.2
7804 6207 5689 1 4.66
7807 6209 6140 1 9.23
7814 19448 6176 1 0.72
7815 6176 19441 1 15.52
7818 6100 15483 1 14.27
7822 6219 19440 1 13.97
7823 19458 19448 1 11.68
7829 19458 6207 1 16.56
7833 6226 6219 1 3.91
7835 6196 19446 1 7.56
7846 19446 6226 1 28.34
7875 19447 6226 1 8.78
7925 6282 19449 1 13.2
7926 19458 6282 1 16.87
7936 6289 19447 1 8.47
7948 19446 5678 1 19.96
7960 19449 16265 1 20.09
7976 6318 6289 1 10.08
7977 6319 5688 1 12.63
8009 19446 19450 1 37.71
8010 6318 19450 1 6.34
8014 19450 5678 1 30.53
8018 5679 6351 1 12.98
8019 19450 6352 1 0.98
8022 6352 3088 1 0.9
8029 19422 6209 1 40.66
8032 6364 19422 1 1.21
8033 5679 6364 1 26.02
8038 6352 6366 1 4.02
8042 6366 6371 1 0.78
8043 6364 6372 1 2.96
8045 6351 6374 1 4.59
8049 3088 6376 1 4.02
8052 6371 3087 1 1.33
8053 6379 6371 1 8.32
8054 6374 6364 1 17.91
8055 19422 6380 1 3.96
8057 3087 6376 1 6.51
8058 6376 6374 1 25.22
8076 6395 6282 1 31.24
8097 6411 5688 1 30.37
8110 6411 6395 1 7.48
8111 6411 6422 1 17.62
8112 6379 19451 1 11.38
8113 6379 6424 1 53.4
8116 19460 6411 1 1.17
8117 19460 6427 1 40.6
8119 19460 6424 1 5.73
8126 19451 6434 1 6.96
8139 6446 6376 1 24.73
8143 19451 6449 1 10.95
8169 19460 6468 1 14.6
8180 6434 19459 1 21.15
8183 6374 6480 1 28.7
8195 6488 6446 1 14.09
8196 6446 6489 1 11.49
8197 19459 6424 1 36.86
8208 6449 19455 1 18.68
8216 19452 6488 1 9.06
8224 6489 19455 1 26.48
8235 6516 6480 1 7.05
8236 6516 19452 1 5.25
8237 6468 19461 1 9.37
8238 19455 6518 1 3.19
8246 6528 19453 1 25.05
8247 6530 6531 1 17.58
8248 6530 19453 1 15.42
8254 19456 19457 1 24.15
8260 6546 6547 1 19.28
8284 6488 6570 1 8.93
8294 19459 5729 1 19.3
8295 5729 6468 1 20.2
8302 6518 6583 1 9.67
8303 6583 19459 1 15.84
8305 6489 19454 1 11.44
8326 6531 6516 1 10.04
8328 19454 6528 1 3.71
8329 6547 5729 1 7.17
8330 6547 19461 1 11.44
8370 6531 19428 1 12.43
8395 6528 19456 1 14.15
8409 19461 6644 1 32.36
8412 6647 19457 1 9.79
8433 19462 6546 1 9.16
8434 19462 6644 1 13.86
8440 19456 6667 1 15.07
8441 6667 6668 1 12.28
8459 6660 19479 1 5.3
8462 19453 6682 1 14.17
8464 6660 6683 1 13.91
8471 6683 6687 1 1.68
8476 6692 6682 1 3.92
8492 19479 6705 1 10.03
8509 6667 6718 1 14.37
8516 6682 6718 1 39.13
8521 6683 19481 1 17.0
8523 6715 19481 1 6.2
8528 19481 6692 1 19.91
8529 6730 6731 1 23.69
8530 6730 6732 1 6.43
8541 6742 19462 1 25.85
8542 6743 19481 1 6.65
8545 6745 6647 1 26.36
8546 6745 6547 1 51.5
8551 6745 6742 1 14.5
8552 6644 6748 1 28.14
8553 6730 6748 1 8.5
8554 6748 19506 1 1.6
8563 19500 6718 1 11.78
8564 19500 6745 1 11.08
8566 6742 6748 1 39.35
8567 19500 21889 1 0.37
8568 6758 19500 1 1.19
8576 6692 6766 1 20.04
8580 6748 6768 1 5.4
8588 6758 6775 1 4.41
8593 6780 6743 1 13.33
8607 6791 6768 1 26.6
8623 6775 6802 1 15.56
8630 6802 19501 1 10.05
8633 6768 6810 1 10.92
8645 6821 6768 1 18.13
8646 6821 6822 1 5.17
8647 6810 6821 1 13.87
8657 19483 6743 1 22.16
8665 19504 6758 1 25.44
8666 6791 19504 1 22.25
8672 6821 6840 1 4.57
8678 19504 6844 1 6.84
8687 6849 6791 1 13.51
8688 6850 6775 1 22.11
8694 6856 6849 1 19.06
8695 6856 6810 1 12.01
8697 6858 6780 1 21.86
8723 6875 19504 1 13.61
8724 6849 6875 1 18.13
8728 6856 6878 1 5.11
8732 6878 6840 1 22.24
8744 19505 6875 1 3.72
8748 6892 6850 1 11.09
8749 6892 6844 1 14.34
8750 6840 6893 1 17.41
8764 19499 6858 1 13.97
8765 19499 6802 1 59.1
8766 6905 19499 1 0.77
8788 6923 6892 1 10.97
8790 19505 6923 1 21.09
8803 6878 19509 1 16.0
8828 6901 6955 1 16.52
8829 19499 6955 1 15.84
8853 6955 6972 1 11.35
8854 19499 6972 1 16.84
8859 6977 19505 1 26.12
8861 6979 19499 1 30.15
8870 19509 6987 1 16.41
8872 6972 6988 1 23.87
8892 7002 6977 1 11.74
8897 7002 19507 1 4.54
8900 6979 19502 1 29.76
8901 6923 19502 1 35.88
8911 19507 7013 1 6.04
8919 19502 19503 1 4.64
8920 19503 7013 1 11.54
8922 6979 7022 1 13.22
8923 7023 7002 1 30.54
8924 19509 7023 1 31.86
8954 7023 7048 1 7.05
8955 7048 7049 1 0.96
8957 19503 7051 1 16.11
8958 7013 7051 1 11.56
9007 7051 7090 1 10.42
19799 16261 15447 1 7.79
19814 5385 15468 1 8.21
19815 15469 15470 1 6.93
19816 16265 15472 1 7.77
19818 15475 15476 1 27.1
19819 5816 15476 1 7.98
19820 15478 15479 1 3.65
19822 15481 15482 1 10.79
19823 15483 15484 1 17.4
19824 6100 15486 1 18.89
19827 15491 19439 1 32.11
19830 15496 15472 1 11.43
19831 15497 15470 1 9.58
19832 15498 15497 1 8.24
19833 15468 15498 1 7.07
19834 15481 15499 1 8.98
19835 5444 19401 1 21.98
19836 15498 15503 1 5.73
19837 15503 15504 1 18.67
19841 6780 19501 1 26.72
19845 15518 15478 1 7.69
19846 15479 19403 1 10.9
19847 15503 15481 1 17.46
19887 15579 19509 1 36.22
29647605 15483 19458 1 3.19
29647609 16265 6366 1 28.48
29653206 21889 6758 1 0.9
29653265 19403 5181 1 7.69
