929 1294 20
19587
18558
17711
18541
17717
17702
19603
19542
18565
18663
19549
19530
19608
18575
19657
18588
19639
19624
19590
19605
3597 2912 2913 1 0.76
7203 5705 5706 1 40.64
7218 5725 17504 1 1.81
7222 5739 5740 1 22.54
7225 18539 18541 1 16.95
7228 17503 5751 1 64.91
7229 5751 18539 1 29.77
7231 5754 5755 1 11.2
7232 5755 18559 1 0.34
7233 5757 5758 1 1.63
7234 5759 5760 1 17.74
7235 5761 5762 1 11.45
7236 5761 18578 1 4.82
7237 5764 5765 1 66.89
7238 5764 18670 1 7.15
7239 18559 5762 1 35.29
8154 6455 6457 1 0.57
8156 6457 5706 1 0.84
8157 5706 6459 1 25.3
8202 6477 17499 1 3.94
8207 17499 6457 1 18.59
8259 17455 6545 1 26.45
8263 6550 6551 1 8.05
8264 5725 6551 1 8.13
8277 6563 17499 1 19.66
8355 17457 6586 1 7.82
8356 6618 6563 1 18.99
8358 17457 6618 1 2.03
8359 6545 17457 1 19.67
8384 17499 6635 1 31.27
8385 6635 5705 1 32.53
8398 6640 5705 1 23.29
8404 6640 6550 1 1.06
8414 6551 17503 1 5.62
8510 6719 6635 1 40.22
8511 6618 17509 1 40.71
8512 17509 6719 1 3.8
8531 17511 6734 1 1.09
8532 17503 6734 1 35.54
8560 6635 6755 1 43.82
8561 6734 6755 1 5.55
8592 6779 17509 1 22.48
8614 5740 6545 1 54.91
8615 5740 6779 1 12.45
8634 6545 6811 1 58.88
8637 6719 17510 1 30.49
8638 6811 5740 1 24.48
8674 6841 17455 1 65.59
8679 6845 6734 1 36.68
8682 17510 6847 1 10.43
8683 6755 6847 1 26.3
8693 18541 6855 1 33.15
8696 6857 6845 1 18.5
8698 6847 6857 1 9.28
8700 6853 18546 1 1.13
8708 6864 6779 1 22.88
8709 6855 6865 1 6.56
8714 6865 6853 1 17.11
8720 6873 6811 1 18.18
8725 17513 6877 1 3.54
8726 6877 5751 1 0.57
8730 6841 6880 1 9.97
8731 6880 6811 1 31.63
8734 6841 17443 1 65.41
8738 6884 17513 1 19.79
8739 6845 6884 1 22.68
8746 18546 18570 1 34.67
8752 18570 6896 1 3.06
8755 6897 18570 1 8.05
8756 17443 6898 1 8.31
8757 6899 18546 1 18.02
8758 6899 6897 1 6.31
8770 22408 6896 1 4.28
8774 6897 22409 1 9.26
8776 6877 6912 1 18.02
8784 6919 6865 1 18.96
8785 6920 22383 1 1.98
8787 18659 22351 1 3.82
8801 6847 17512 1 23.75
8802 6880 17505 1 19.38
8806 17505 6938 1 2.03
8807 6938 6873 1 32.34
8819 18659 6948 1 8.63
8820 6949 6919 1 5.7
8821 6949 6899 1 31.0
8835 18660 18659 1 10.48
8836 18660 6891 1 19.96
8839 6948 18660 1 15.83
8842 18541 6964 1 45.42
8843 6964 6949 1 10.92
8844 6965 6964 1 0.24
8845 6966 22384 1 6.35
8846 6967 18658 1 15.44
8850 18663 6967 1 0.81
8851 6971 6864 1 30.18
8856 18547 6965 1 4.71
8863 6981 22409 1 21.19
8865 22349 6891 1 31.09
8866 22349 6967 1 13.14
8867 6984 6948 1 25.56
8868 18548 6981 1 7.9
8873 18662 22349 1 1.63
8874 6990 6966 1 17.12
8876 6896 6992 1 35.62
8877 6992 22408 1 32.52
8878 6993 6971 1 10.25
8879 17512 6993 1 37.94
8881 18661 18660 1 15.52
8882 6996 18663 1 12.82
8883 6992 18572 1 1.4
8884 6998 22349 1 7.15
8885 5765 6984 1 12.35
8889 18575 5765 1 2.91
8890 18572 7001 1 0.88
8891 7001 6990 1 10.66
8893 6998 22348 1 4.78
8894 6920 7004 1 45.28
8895 7004 18575 1 1.03
8896 18661 7003 1 3.2
8902 7008 5739 1 41.57
8903 6971 7008 1 27.46
8905 7010 6998 1 3.25
8906 7010 6996 1 9.04
8909 7012 6981 1 8.34
8910 7012 18572 1 26.29
8913 7015 7016 1 3.83
8914 17512 7017 1 28.54
8915 7017 6857 1 50.75
8916 7001 7018 1 4.75
8917 6938 7019 1 24.67
8918 7019 6873 1 45.05
8921 6912 18542 1 33.38
8926 7025 6877 1 43.89
8927 7026 18547 1 46.69
8928 7027 7016 1 13.32
8929 7025 7027 1 2.66
8930 7028 7010 1 5.18
8931 7028 7029 1 27.86
8932 6990 18573 1 28.19
8933 6965 7031 1 22.68
8935 18542 7034 1 7.42
8936 7034 7026 1 2.53
8937 6898 7035 1 39.39
8938 7035 6938 1 86.9
8940 18577 18661 1 19.61
8941 7038 7031 1 1.82
8943 7039 7034 1 1.9
8944 6984 18577 1 29.2
8946 7041 7012 1 6.99
8951 7003 7046 1 15.19
8952 7046 22348 1 15.64
8956 7050 7039 1 18.22
8961 7031 7055 1 11.46
8962 7055 18548 1 27.08
8964 7018 7057 1 25.23
8965 7057 18573 1 13.66
8966 7008 7058 1 17.73
8967 6993 7058 1 22.58
8969 7059 7038 1 7.47
8970 7055 7059 1 10.55
8971 18549 18548 1 23.13
8972 18549 7041 1 12.55
8975 7063 7019 1 13.66
8977 7063 7008 1 22.17
8983 18573 18576 1 21.1
8984 18576 7004 1 21.16
8985 17514 7050 1 4.96
8987 7072 7025 1 13.43
8988 7072 7050 1 17.37
8989 7017 7073 1 17.53
8990 6884 7073 1 65.22
8994 7077 21992 1 25.55
8995 7079 7059 1 28.39
8996 7080 7077 1 1.58
8999 7083 7026 1 30.54
9000 7083 7079 1 5.91
9003 7086 18576 1 6.1
9004 7087 7072 1 6.88
9005 7088 7055 1 9.13
9006 7057 7089 1 17.28
9008 7091 7016 1 21.81
9009 7091 7087 1 1.51
9010 7088 18549 1 18.75
9011 7089 7086 1 4.57
9013 7093 7029 1 26.59
9014 7094 7028 1 20.54
9017 7097 7098 1 3.01
9018 7058 7098 1 19.1
9019 7099 7063 1 10.48
9020 7099 7097 1 5.28
9026 7104 7093 1 2.78
9027 7104 7080 1 10.93
9030 7107 7097 1 2.94
9035 7112 7098 1 4.83
9036 7113 7112 1 0.86
9040 7094 7093 1 26.5
9042 17506 7107 1 2.98
9043 17506 7112 1 8.63
9044 7117 7089 1 12.07
9045 7018 7118 1 31.17
9047 7120 17506 1 1.27
9050 7121 17514 1 14.71
9054 18543 7121 1 4.83
9057 7127 7099 1 8.98
9058 7127 7120 1 2.93
9060 7129 7041 1 23.6
9061 7118 7129 1 3.96
9065 7132 7127 1 2.5
9067 7134 7087 1 11.66
9071 7137 7127 1 2.45
9072 7120 7137 1 3.73
9075 7113 7137 1 12.9
9078 7039 7141 1 25.87
9082 18543 7141 1 16.33
9083 7144 7073 1 16.4
9084 7144 7145 1 5.32
9086 7147 7088 1 12.67
9089 7141 18550 1 1.03
9090 18550 7083 1 28.13
9091 7150 7117 1 20.65
9093 7134 7152 1 5.35
9094 7145 7113 1 71.17
9095 5762 7129 1 3.31
9098 7117 7154 1 10.13
9099 17517 7134 1 4.49
9100 7156 7086 1 14.99
9102 18557 7059 1 23.62
9103 7144 7159 1 2.59
9104 7035 7160 1 79.49
9105 7160 7099 1 34.34
9109 7159 17516 1 2.7
9110 7164 7144 1 6.65
9111 7164 7091 1 39.3
9113 17516 7164 1 2.03
9115 5754 18557 1 9.22
9116 7147 5754 1 6.84
9117 7152 7121 1 26.11
9118 7167 7164 1 1.83
9122 18579 7154 1 6.53
9123 7172 7159 1 4.42
9124 7172 17516 1 2.83
9125 7172 7167 1 4.24
9126 7077 7173 1 27.37
9127 7079 7174 1 26.52
9128 7174 18557 1 18.84
9132 7178 18579 1 2.24
9133 5760 7173 1 3.93
9134 7179 7172 1 3.8
9135 5759 7104 1 19.34
9136 7180 7046 1 42.26
9137 7118 18578 1 18.07
9139 7180 7182 1 1.47
9140 7183 7182 1 13.69
9141 7145 7184 1 15.64
9142 7184 7179 1 2.48
9143 18559 7147 1 11.33
9144 18670 7180 1 1.05
9145 18578 5757 1 4.51
9147 7187 7183 1 29.8
9148 5758 7188 1 1.78
9149 7188 7057 1 40.62
9150 18556 7190 1 1.17
9151 7174 7190 1 4.82
9153 7192 7156 1 10.15
9154 7192 18585 1 2.28
9155 7194 7156 1 10.23
9156 18585 7194 1 2.83
9157 7195 7178 1 4.04
9158 7188 7196 1 2.6
9159 7196 7150 1 14.53
9160 7182 7197 1 2.12
9162 7196 7195 1 27.43
9163 7198 5764 1 35.64
9168 7202 7192 1 8.06
9169 7203 18670 1 3.59
9170 7197 7203 1 2.42
9172 7195 7202 1 8.14
9173 7194 7198 1 12.9
9179 7137 7209 1 20.32
9184 7213 7160 1 23.88
9187 7216 5757 1 11.21
9189 7218 7187 1 11.47
9190 7094 7218 1 34.84
9194 7218 18672 1 2.08
9195 7223 7009 1 67.75
9201 7228 7035 1 64.16
9206 17518 7167 1 29.47
9207 17518 17517 1 28.65
9210 7228 7223 1 34.31
9214 7237 7132 1 32.11
9215 7238 7228 1 12.22
9216 7213 7238 1 37.08
9220 7241 5759 1 26.34
9221 5760 7241 1 40.19
9222 7242 17448 1 2.33
9223 7238 7242 1 2.94
9224 7244 7134 1 33.0
9225 7244 17518 1 21.97
9236 7253 5761 1 23.55
9238 7213 17507 1 26.85
9239 17507 7237 1 28.07
9243 18560 5755 1 27.33
9244 7190 7260 1 33.49
9245 7260 18560 1 15.82
9248 18560 7263 1 4.98
9252 7263 7253 1 20.88
9257 7242 7270 1 8.74
9264 18672 7241 1 48.06
9267 7203 18671 1 28.03
9272 17515 7184 1 39.08
9273 7283 7244 1 16.14
9274 7283 7121 1 50.45
9276 7285 17515 1 2.28
9279 18558 7260 1 15.66
9280 7270 7290 1 12.76
9286 7295 17507 1 45.82
9287 7290 7295 1 2.77
9291 7209 7298 1 50.5
9292 7285 7298 1 13.1
9295 7270 7301 1 16.84
9301 17519 7283 1 7.6
9302 7141 17519 1 60.5
9304 7308 7253 1 15.84
9306 7308 7310 1 1.03
9309 7313 7202 1 39.93
9316 18671 7318 1 12.13
9317 7298 7319 1 17.14
9321 17449 7301 1 4.78
9322 7190 7323 1 47.81
9323 7323 18558 1 26.36
9327 17449 7290 1 24.49
9328 7326 7237 1 28.13
9331 7329 7295 1 17.9
9334 7216 7332 1 37.62
9335 7310 7332 1 21.92
9336 18550 18551 1 64.32
9337 7323 18551 1 5.74
9338 7301 17446 1 60.73
9342 7336 7179 1 65.76
9343 18587 18586 1 6.33
9346 18585 7340 1 70.08
9347 7318 7340 1 8.56
9350 18580 7313 1 26.66
9351 7332 18580 1 6.73
9353 7340 18588 1 1.91
9354 18588 18587 1 15.88
9356 18588 7348 1 1.17
9357 7349 18580 1 1.39
9361 7319 7353 1 22.67
9363 18564 7263 1 27.61
9364 7357 18564 1 0.24
9365 18672 7358 1 44.47
9367 7360 7326 1 18.55
9368 7209 7360 1 47.24
9369 7353 7360 1 10.14
9372 7358 7268 1 38.95
9373 7362 7285 1 18.01
9375 18563 7357 1 11.18
9376 7349 7365 1 3.72
9377 7366 7318 1 50.55
9378 7366 7197 1 63.07
9379 18586 7367 1 14.35
9383 7367 21890 1 0.79
9384 18564 18581 1 18.04
9385 18581 7308 1 16.98
9387 7373 17449 1 14.33
9396 7382 7313 1 22.7
9397 7367 7382 1 14.3
9398 18558 7383 1 25.68
9399 7383 18563 1 22.17
9407 7389 17519 1 30.72
9409 7392 18583 1 1.95
9411 7396 7397 1 16.21
9416 7406 7407 1 11.46
9417 7406 17521 1 0.91
9421 7413 19546 1 4.51
9426 7421 19541 1 17.11
9427 7423 17710 1 13.22
9428 7423 7425 1 33.9
9429 7426 19534 1 12.56
9430 7428 7429 1 18.94
9431 7430 7431 1 29.2
9432 7432 7430 1 33.67
9434 7435 7436 1 9.45
9435 7436 19554 1 0.76
9437 7440 7441 1 13.96
9438 7442 7443 1 30.5
9439 7443 7444 1 4.53
9440 7445 7430 1 1.01
9441 7446 19637 1 6.88
9442 7448 7449 1 11.52
9443 7450 7451 1 29.06
9459 7480 19591 1 4.69
9460 7480 7482 1 19.86
9462 7485 7486 1 41.8
9486 7523 7524 1 27.68
9489 7528 7529 1 11.98
9494 7535 7382 1 2.55
9495 7358 7536 1 8.78
9500 7536 7366 1 17.08
9501 18589 7535 1 1.08
9502 7541 7326 1 17.22
9503 7542 7336 1 35.89
9504 7542 17519 1 21.87
9505 7541 7329 1 64.73
9507 18581 7543 1 9.79
9508 7543 7349 1 25.57
9515 7348 7549 1 22.42
9516 7365 7550 1 34.76
9517 7550 18589 1 13.84
9519 7383 7552 1 11.94
9521 7554 7542 1 8.03
9522 18554 7389 1 21.33
9523 18551 18554 1 23.87
9529 7559 7336 1 28.16
9534 7362 7559 1 73.33
9535 7552 7563 1 14.3
9536 18563 7563 1 30.36
9537 7563 7564 1 0.57
9538 7565 7549 1 12.73
9547 7572 17446 1 52.39
9559 7581 7329 1 39.36
9566 18590 7588 1 0.8
9567 7535 7588 1 18.4
9571 7591 18590 1 0.73
9572 7592 7373 1 31.88
9573 7592 7581 1 30.31
9575 18552 7389 1 22.18
9576 18552 7554 1 30.79
9578 7596 18552 1 0.75
9579 7596 18554 1 19.58
9580 7564 18561 1 7.46
9582 7599 7596 1 0.34
9583 7600 18554 1 25.86
9584 7552 7600 1 12.77
9588 7365 7603 1 29.51
9589 7603 7550 1 19.61
9590 7604 18591 1 11.71
9591 18591 7348 1 31.86
9592 7549 18591 1 24.77
9596 7588 7604 1 33.85
9597 7592 7572 1 35.93
9602 7609 7541 1 21.47
9603 7353 7609 1 43.42
9606 7612 7600 1 3.69
9609 7615 7559 1 14.82
9613 18562 7612 1 3.68
9614 7603 7619 1 6.66
9615 7620 7599 1 16.75
9616 18584 7591 1 37.59
9617 7619 7622 1 0.62
9618 7622 18584 1 1.46
9620 7536 7625 1 29.1
9621 7625 7626 1 30.77
9622 7543 22407 1 2.78
9626 18582 7631 1 1.02
9627 7592 7632 1 12.14
9628 7633 7609 1 6.75
9629 7633 17508 1 2.58
9630 7635 7619 1 33.42
9631 18591 7636 1 40.86
9632 7636 7565 1 20.62
9633 7626 7637 1 13.73
9634 18582 7635 1 2.76
9635 7636 7637 1 0.34
9637 7639 18561 1 11.89
9638 7620 7640 1 3.14
9639 7639 18562 1 8.45
9640 7641 7542 1 30.45
9641 17520 7641 1 0.8
9642 17520 7620 1 19.62
9643 7643 7357 1 42.48
9644 7615 7644 1 7.2
9645 7645 7643 1 2.76
9646 7645 7631 1 18.72
9648 7637 7647 1 1.13
9649 7612 7396 1 7.6
9650 18562 7396 1 5.51
9651 7644 7641 1 3.29
9657 7651 7633 1 2.88
9658 7652 17508 1 3.77
9659 7652 7651 1 2.09
9660 7625 7653 1 6.07
9663 7564 18565 1 29.93
9664 7643 18565 1 4.88
9668 7658 7645 1 9.55
9672 7407 17520 1 6.17
9678 7640 7664 1 12.72
9679 7664 7599 1 17.69
9681 7653 7666 1 9.86
9682 7647 7666 1 32.45
9687 18565 7671 1 5.68
9690 7631 7392 1 14.46
9692 7653 7674 1 7.88
9693 7392 7658 1 13.93
9696 7676 7362 1 49.81
9698 7676 7615 1 70.42
9699 7635 7678 1 27.34
9704 7683 7671 1 1.53
9705 7666 7674 1 12.1
9711 7686 7678 1 2.5
9712 7686 7622 1 16.61
9717 18566 7639 1 20.58
9718 18566 7683 1 12.06
9719 7647 7691 1 17.64
9720 7692 18591 1 32.22
9721 7664 18555 1 29.92
9722 7397 18555 1 5.86
9725 7695 7664 1 10.22
9726 17521 18553 1 30.94
9727 18553 7695 1 0.25
9729 18555 7698 1 2.19
9734 7703 18583 1 3.38
9737 7692 7691 1 50.04
9743 7707 7572 1 42.88
9744 7632 7710 1 33.04
9745 7695 7698 1 26.33
9751 7714 7591 1 44.78
9752 7714 7692 1 11.78
9753 7715 7397 1 21.27
9754 19539 7715 1 2.36
9755 19544 18566 1 15.5
9756 19544 7683 1 12.53
9759 7674 19642 1 15.55
9760 19642 7268 1 64.88
9761 19642 7720 1 61.23
9762 7703 7721 1 11.66
9763 7721 7671 1 17.53
9764 7714 19597 1 1.26
9768 7725 19642 1 0.83
9769 7652 17698 1 39.77
9770 7727 7686 1 17.18
9773 7729 17521 1 11.61
9775 7731 19539 1 10.2
9776 18566 7731 1 15.52
9777 7732 7725 1 2.05
9778 7733 7703 1 9.91
9779 7733 7727 1 3.92
9781 7735 19544 1 6.52
9782 7736 7703 1 6.67
9783 17692 7581 1 49.78
9784 7735 7738 1 0.48
9785 7739 7733 1 1.95
9787 7741 7721 1 4.25
9794 7651 7746 1 42.76
9796 7721 7748 1 5.14
9797 7748 7735 1 3.39
9799 19582 7727 1 6.33
9801 7752 7736 1 2.42
9802 7752 7739 1 5.0
9803 7746 17692 1 22.09
9804 7753 7714 1 12.82
9805 19582 19587 1 10.5
9806 7754 7407 1 31.71
9807 7755 7748 1 2.95
9811 7755 7758 1 1.86
9812 7758 7741 1 3.55
9815 7632 7760 1 53.7
9816 17692 7760 1 4.91
9817 17698 7761 1 14.76
9818 18584 7762 1 49.8
9819 7762 7753 1 5.45
9824 7767 7733 1 5.61
9826 7767 7768 1 1.48
9829 7770 7758 1 1.42
9831 7768 19582 1 6.68
9832 7754 17712 1 16.33
9833 17712 7406 1 18.72
9834 7770 7773 1 0.4
9836 7774 7729 1 8.77
9840 19581 7778 1 1.64
9841 7779 7752 1 4.59
9842 7778 7779 1 1.84
9843 7780 7767 1 2.13
9844 7780 7768 1 1.86
9845 7781 7770 1 2.0
9846 7781 19581 1 5.55
9847 17711 7754 1 8.99
9850 7785 7767 1 8.47
9851 7779 7785 1 2.27
9852 7748 7786 1 6.03
9853 19596 7753 1 6.31
9857 7731 19543 1 16.49
9858 19543 19544 1 14.66
9859 7786 7792 1 3.99
9860 7792 7781 1 3.17
9866 7785 7798 1 6.3
9867 7798 7780 1 2.42
9868 7798 7799 1 1.39
9869 7799 7780 1 2.62
9870 19543 7800 1 1.3
9871 7800 7786 1 12.3
9878 7806 7792 1 6.51
9879 7806 19581 1 6.05
9883 7762 19595 1 10.64
9887 7813 7806 1 4.4
9888 7813 7778 1 6.04
9890 7676 7814 1 29.79
9892 7786 7816 1 4.86
9893 7816 7792 1 4.76
9894 7817 7813 1 4.25
9895 7817 7779 1 6.39
9897 7814 17702 1 0.37
9899 19595 7821 1 5.41
9901 7821 19588 1 20.52
9903 7826 7652 1 41.37
9907 7829 19588 1 13.5
9908 7760 7830 1 23.26
9913 7799 7829 1 8.38
9915 7644 17709 1 65.51
9918 18553 19531 1 22.53
9923 17709 17711 1 19.07
9932 7698 7845 1 23.7
9933 7846 7817 1 3.73
9934 7846 7799 1 8.9
9935 19533 7845 1 1.19
9937 7710 7849 1 43.87
9940 7715 19540 1 24.69
9941 19540 7800 1 26.43
9945 19530 7774 1 11.8
9946 19530 19531 1 19.54
9947 7856 7846 1 5.55
9948 7856 7813 1 5.22
9949 7816 7857 1 11.8
9950 7857 7806 1 7.19
9951 7761 7428 1 28.71
9952 7857 7856 1 2.42
9957 7426 7845 1 8.87
9958 19531 7426 1 17.29
9959 7845 7862 1 13.35
9960 7863 7800 1 13.31
9961 7863 7816 1 7.53
9962 7862 19540 1 7.42
9964 7428 7865 1 3.37
9966 19540 7421 1 3.99
9974 17710 17709 1 9.39
9980 17713 19530 1 8.58
9981 7425 17712 1 19.15
9985 7425 17713 1 3.88
9987 7862 7879 1 8.07
9988 19584 7829 1 15.74
9989 7725 7881 1 67.09
9992 19546 7863 1 7.8
9997 7421 19546 1 35.59
9998 19596 19598 1 21.54
10001 7890 7857 1 13.05
10003 7892 7846 1 17.08
10006 19549 7890 1 0.64
10012 7897 7826 1 24.71
10014 7429 7814 1 18.59
10015 7879 19534 1 16.25
10016 7879 19541 1 10.0
10017 7898 7856 1 13.82
10018 7892 7898 1 13.64
10029 22401 22405 1 3.46
10030 22401 22403 1 3.0
10031 7907 17713 1 11.02
10035 7910 7826 1 22.69
10036 17703 7429 1 4.05
10037 7910 7897 1 13.84
10038 7912 7907 1 1.35
10040 7914 7910 1 0.91
10041 19534 7915 1 9.96
10042 7413 19548 1 6.83
10045 17697 7746 1 63.45
10046 7910 17697 1 3.45
10050 19545 7922 1 4.03
10051 7922 7413 1 5.71
10054 7924 19545 1 6.12
10058 7927 19548 1 7.28
10059 7927 19549 1 7.22
10060 17703 7928 1 2.84
10061 7928 17709 1 50.81
10063 7929 17703 1 8.44
10066 7915 19532 1 15.51
10067 19583 7898 1 6.96
10068 7821 7933 1 28.79
10071 7936 19549 1 11.42
10072 19583 7936 1 4.02
10073 19534 7937 1 7.45
10075 22399 22400 1 1.85
10076 7933 22399 1 6.0
10077 7940 7924 1 6.69
10078 7940 7922 1 4.76
10087 7897 17699 1 17.23
10088 7761 17699 1 56.0
10089 7948 7691 1 58.83
10090 19597 7948 1 78.72
10100 7959 19583 1 3.03
10101 7960 7912 1 12.48
10102 19532 7960 1 16.65
10106 19551 7927 1 6.04
10107 7936 19551 1 7.7
10108 7933 19598 1 39.95
10110 19547 7940 1 3.15
10114 7970 19541 1 13.65
10117 7907 7973 1 14.48
10123 7979 22399 1 5.85
10126 19542 7970 1 1.47
10127 7924 19542 1 20.93
10129 7983 7937 1 14.78
10130 22396 22398 1 3.19
10131 7985 7423 1 22.11
10133 22395 7939 1 13.08
10134 7987 7988 1 4.53
10135 7987 19551 1 14.76
10137 17699 7990 1 5.3
10138 7970 7983 1 16.36
10141 7992 7940 1 6.36
10142 7992 19547 1 3.9
10143 7992 7988 1 3.34
10154 7928 17704 1 23.98
10157 7959 8005 1 8.0
10163 17704 7985 1 12.63
10164 7732 8010 1 52.15
10166 8010 7450 1 0.69
10167 7990 7929 1 47.69
10168 19586 8005 1 13.53
10169 7984 19586 1 15.67
10170 8013 17714 1 2.35
10171 7973 8013 1 13.24
10172 7979 22398 1 3.3
10176 8018 7959 1 12.97
10186 8018 8005 1 8.62
10194 8033 7732 1 65.22
10197 8036 8018 1 3.05
10199 8038 7948 1 20.44
10200 8010 8033 1 30.63
10207 7937 19538 1 17.77
10208 7987 19550 1 13.64
10212 19639 8038 1 7.52
10213 19639 8033 1 3.64
10216 19550 8036 1 8.99
10218 17705 7929 1 22.6
10221 8053 19596 1 65.47
10224 7432 8038 1 16.19
10232 8005 8061 1 11.9
10233 19586 8061 1 13.33
10240 8061 19590 1 1.43
10241 8068 7912 1 27.08
10242 7915 8068 1 41.15
10252 19542 19553 1 22.27
10253 19553 7992 1 18.85
10254 17693 7914 1 49.36
10256 7830 17686 1 61.39
10257 7450 8081 1 25.94
10258 8081 7881 1 1.46
10259 8068 19535 1 2.2
10260 8083 17686 1 1.65
10274 19599 8053 1 27.94
10275 8094 8013 1 15.88
10276 7442 22394 1 8.1
10278 19599 22396 1 27.88
10279 7985 17715 1 19.45
10281 7914 7485 1 34.4
10282 7485 7990 1 29.08
10283 8099 19599 1 1.82
10286 8094 17718 1 3.39
10288 17704 17706 1 16.76
10290 8095 8106 1 4.87
10295 19590 8106 1 17.01
10307 17714 7441 1 18.54
10315 19535 17718 1 16.65
10321 8126 17693 1 24.18
10322 8127 17706 1 5.36
10323 8127 8128 1 6.25
10324 8126 8083 1 20.59
10330 7435 19553 1 9.76
10334 19535 19536 1 14.55
10337 7881 7449 1 22.3
10343 17715 8139 1 9.21
10344 8128 8139 1 8.13
10347 19639 8142 1 16.96
10350 19558 8036 1 19.03
10351 19637 7432 1 18.23
10355 19640 8142 1 5.77
10356 8149 8099 1 25.28
10358 7431 8053 1 20.73
10363 19600 8149 1 1.53
10365 7431 19600 1 2.33
10367 19558 8156 1 2.53
10368 19590 8156 1 21.59
10371 19557 7988 1 32.23
10379 7444 8165 1 3.4
10380 19599 7444 1 22.02
10386 19557 19558 1 19.87
10392 8174 7448 1 2.13
10400 8095 8180 1 18.26
10402 7440 8094 1 27.61
10406 8183 17706 1 38.66
10409 8185 7435 1 18.65
10422 8194 8185 1 1.69
10424 19552 8194 1 1.56
10426 8198 7440 1 6.53
10427 17716 8198 1 6.45
10429 8201 19538 1 35.65
10430 8201 19552 1 1.86
10431 7482 19590 1 25.27
10432 7482 8180 1 4.95
10444 7436 8210 1 5.02
10445 8210 19557 1 15.43
10447 8212 19600 1 10.87
10451 19536 8214 1 25.26
10452 8214 8201 1 22.47
10461 17701 17705 1 34.59
10462 17701 8183 1 14.31
10469 8139 8224 1 13.33
10484 8224 17716 1 13.18
10500 19537 8214 1 12.55
10526 8261 17701 1 7.38
10530 8264 8212 1 8.96
10546 19591 8156 1 19.27
10549 8278 8261 1 4.04
10557 19555 8185 1 24.36
10558 19555 8210 1 9.58
10563 19591 19557 1 32.63
10565 8278 21891 1 0.83
10567 7443 19593 1 17.14
10571 19593 8264 1 24.89
10579 8295 8278 1 24.03
10580 8295 8127 1 48.39
10586 8300 8301 1 0.33
10588 8301 8201 1 17.57
10594 8308 21892 1 0.68
10597 8311 17693 1 36.31
10598 17695 8126 1 37.78
10599 8311 17695 1 1.28
10610 7486 8261 1 49.43
10618 8311 7486 1 49.42
10619 8308 19537 1 36.26
10622 8329 8295 1 6.23
10642 8342 8224 1 14.81
10643 8342 17708 1 2.15
10651 8349 19537 1 12.92
10653 8351 7443 1 25.01
10654 8351 19593 1 19.36
10655 17708 8329 1 21.46
10660 8264 8354 1 35.87
10669 8180 19592 1 27.32
10673 19592 8351 1 2.01
10698 19555 8381 1 38.14
10699 8381 7480 1 7.41
10734 17717 8198 1 25.19
10735 17717 8308 1 22.54
10738 17717 8342 1 26.41
10806 8456 8381 1 27.3
10807 19592 8456 1 13.24
10809 19593 19594 1 18.78
10818 19594 8456 1 32.08
10819 8329 17707 1 12.97
10829 19555 19556 1 18.28
10832 8476 8381 1 9.56
10842 8354 19602 1 15.57
10844 19594 7523 1 3.3
10855 19556 8493 1 3.09
10866 7523 8503 1 47.68
10867 19560 8476 1 2.91
10868 8503 19602 1 12.2
10895 19563 8194 1 37.17
10898 19556 8476 1 36.82
10927 19563 8493 1 21.27
10972 8456 8571 1 15.09
10988 7529 8349 1 27.5
11022 8606 17717 1 20.32
11056 8629 8571 1 7.17
11079 8643 19563 1 13.38
11084 8647 17708 1 31.4
11085 19561 7529 1 28.11
11086 8349 19561 1 35.61
11105 8571 8659 1 12.67
11115 8664 8606 1 9.29
11131 8672 7528 1 0.41
11152 19562 19561 1 6.91
11153 19562 8643 1 12.85
11159 8694 19650 1 42.36
11160 8694 8678 1 17.95
11161 19646 8678 1 3.87
11167 8700 8629 1 12.78
11168 8659 8700 1 12.84
11172 8672 8704 1 33.55
11180 8710 7528 1 14.08
11197 8721 19646 1 3.08
11198 8664 8704 1 15.45
11200 8493 8723 1 29.0
11207 19562 8710 1 26.11
11222 8643 19567 1 22.98
11223 8723 19567 1 2.37
11227 8744 8694 1 9.25
11241 8723 8756 1 20.4
11242 8756 19560 1 35.44
11256 8700 19604 1 15.77
11259 7524 8770 1 18.05
11260 8737 8770 1 39.02
11262 8772 8738 1 5.41
11265 19571 8756 1 2.64
11267 8739 19645 1 7.16
11272 17722 8672 1 17.76
11275 8782 19604 1 1.82
11276 7524 8783 1 15.27
11277 19604 8783 1 40.52
11279 17721 8664 1 26.16
11286 8790 19645 1 12.12
11287 8790 8772 1 3.54
11290 8793 8710 1 14.52
11294 8796 8744 1 17.11
11305 8805 19562 1 19.92
11312 8811 17722 1 18.21
11321 19571 8819 1 19.92
11322 19567 19568 1 17.45
11325 8783 8822 1 10.25
11327 19560 8824 1 51.7
11328 8659 8824 1 31.44
11331 19565 8805 1 14.14
11333 8830 8721 1 22.4
11343 8782 8822 1 32.73
11345 8838 19565 1 5.88
11346 19568 8838 1 8.09
11353 8844 8845 1 6.57
11354 8824 8846 1 3.16
11355 8846 8844 1 3.25
11356 8846 8782 1 29.04
11357 8847 8848 1 5.33
11358 8847 8830 1 3.65
11361 8845 8819 1 21.4
11362 19570 19571 1 16.86
11363 17721 8852 1 22.93
11364 8811 8852 1 15.4
11365 19564 8793 1 21.07
11366 8805 19564 1 20.2
11368 19568 19569 1 14.34
11369 19569 19570 1 3.63
11370 19570 19572 1 19.34
11371 8819 19572 1 8.23
11372 17707 8857 1 57.24
11373 8846 19603 1 2.17
11386 19569 8866 1 2.26
11387 8770 8867 1 24.97
11388 8737 8868 1 28.11
11390 8869 8796 1 21.38
11392 8867 8868 1 14.26
11393 8866 8870 1 1.16
11403 19564 8877 1 5.97
11412 8884 17722 1 25.84
11425 8857 17719 1 7.2
11426 8895 8884 1 2.54
11427 8895 8852 1 20.36
11434 8647 17719 1 51.88
11437 8838 8901 1 12.51
11441 8904 8790 1 22.78
11443 8907 8721 1 41.6
11449 8907 8830 1 26.48
11451 8877 8911 1 8.45
11454 17719 8914 1 5.34
11455 8822 8915 1 17.7
11456 8916 19570 1 13.92
11457 19572 8916 1 18.64
11463 8921 8915 1 27.15
11464 8867 8921 1 13.53
11471 19645 8927 1 32.88
11472 8870 19574 1 14.01
11483 8927 8937 1 15.78
11484 8937 8904 1 6.38
11486 8884 8877 1 61.39
11487 8939 8867 1 16.48
11488 8868 8939 1 14.02
11489 19574 8940 1 3.74
11491 8942 8916 1 3.95
11493 8942 8944 1 2.03
11494 8940 8944 1 3.53
11495 19573 8901 1 8.77
11496 19573 8870 1 27.26
11501 8939 19607 1 1.41
11504 8951 19573 1 1.43
11505 19574 8951 1 19.45
11506 8952 8940 1 2.4
11508 8954 8955 1 1.46
11509 8955 8956 1 1.52
11510 8951 8956 1 1.07
11511 19607 8921 1 21.01
11512 8911 8954 1 23.25
11513 8957 8744 1 41.58
11514 19575 8952 1 1.26
11515 8944 19575 1 2.83
11523 19603 19605 1 20.11
11531 19603 8971 1 31.35
11546 8984 8942 1 9.59
11552 17723 8895 1 20.21
11558 8957 8992 1 9.5
11561 19654 8957 1 8.25
11580 19607 19643 1 19.75
11594 9021 8915 1 25.52
11596 9023 8911 1 28.48
11597 9024 19603 1 42.08
11598 8915 9024 1 31.78
11599 8956 19566 1 20.81
11606 9023 19566 1 13.0
11607 8992 8907 1 46.69
11614 9035 9023 1 3.72
11619 9039 8927 1 26.3
11622 9039 19644 1 1.8
11626 19605 9045 1 18.55
11630 9049 9021 1 6.71
11632 9024 19606 1 6.17
11634 9053 19575 1 24.09
11635 9053 8984 1 17.59
11636 9039 19643 1 51.03
11642 9059 17721 1 64.88
11644 9059 17723 1 48.66
11645 9061 9059 1 1.05
11657 9053 19576 1 2.54
11665 8937 9075 1 28.66
11666 8914 9076 1 38.36
11667 9061 9076 1 5.37
11671 9076 17720 1 1.75
11672 9080 19654 1 24.15
11676 19644 9084 1 9.04
11680 19576 9088 1 4.21
11682 9089 8971 1 26.14
11683 9089 9045 1 25.74
11699 9075 9084 1 21.65
11712 8984 19580 1 32.43
11713 19606 9111 1 13.6
11718 19580 9116 1 2.83
11722 9120 19580 1 1.19
11723 9120 9089 1 8.5
11724 19576 9116 1 25.61
11745 9045 9135 1 16.72
11746 19606 9135 1 19.97
11773 17723 9153 1 36.16
11774 9153 9035 1 80.82
11775 9078 19657 1 14.99
11796 9080 9172 1 34.61
11800 9088 9175 1 16.5
11804 9175 19578 1 1.5
11807 9153 9181 1 5.17
11808 9084 9182 1 31.67
11817 9153 17724 1 7.62
11818 17724 9181 1 3.57
11824 19577 19578 1 17.12
11833 9175 19579 1 14.4
11837 19622 9208 1 17.37
11838 9209 9210 1 34.85
11842 19658 9210 1 28.94
11843 19658 9216 1 57.3
11844 9217 9218 1 54.45
11918 9116 19579 1 22.01
11920 9335 9088 1 36.62
11921 9075 9336 1 26.11
11923 9335 19577 1 7.06
11937 9336 19647 1 2.01
11969 9371 8847 1 90.92
11970 9371 19654 1 64.83
11977 9120 9376 1 28.82
11978 9135 9376 1 28.34
11984 9061 9381 1 41.39
11985 17724 9381 1 41.49
11997 9391 9035 1 52.58
11999 19647 9217 1 11.07
12003 9181 9391 1 75.4
12004 9381 9394 1 3.11
12010 9398 9371 1 9.32
12014 19578 9401 1 21.51
12015 9401 19579 1 22.23
12028 9217 9398 1 31.19
12030 19657 19669 1 29.54
12032 9391 9412 1 8.51
12033 9412 9335 1 39.37
12034 9413 9412 1 0.54
12035 9414 9182 1 40.34
12041 9413 19608 1 1.18
12053 9376 19621 1 13.04
12056 9111 9430 1 49.85
12065 19669 19791 1 15.75
12074 19668 19657 1 63.15
12077 19667 19668 1 9.02
12078 9172 19667 1 40.76
12087 9455 9049 1 63.93
12088 9216 9414 1 12.13
12090 19628 9455 1 1.88
12091 9430 19621 1 61.14
12092 9455 9458 1 5.5
12093 9458 9430 1 20.44
12097 9461 19664 1 2.8
12098 19664 9080 1 55.93
12105 9209 19628 1 8.78
12107 9216 9209 1 25.06
12109 9471 19667 1 5.3
12110 19613 19608 1 34.13
12111 9401 19613 1 21.42
12114 9398 9475 1 22.23
12115 9461 9475 1 27.18
12116 19664 19667 1 68.07
12123 9480 19791 1 12.33
12135 9471 9480 1 37.79
12137 9181 9490 1 42.02
12167 9512 9394 1 33.19
12168 19628 9513 1 15.11
12170 9490 9512 1 44.0
12186 19621 19622 1 23.55
12192 9475 9531 1 15.74
12199 19613 19615 1 40.11
12200 19621 19615 1 37.63
12201 9537 19615 1 7.11
12202 19608 19609 1 32.92
12207 19622 9537 1 19.86
12209 9543 9480 1 27.98
12210 19613 19614 1 21.21
12220 9552 9471 1 29.49
12221 9552 9543 1 10.22
12234 9490 9563 1 21.14
12249 9537 19616 1 10.12
12254 19615 9576 1 16.09
12255 9576 19616 1 1.73
12268 9218 19659 1 1.11
12276 9218 19658 1 69.75
12282 9563 9590 1 11.9
12283 9413 9590 1 67.76
12286 9531 9592 1 26.92
12287 19667 9593 1 47.66
12288 9594 9552 1 15.01
12289 9592 9595 1 9.07
12290 9595 9461 1 45.52
12291 9593 9596 1 1.76
12295 9513 9599 1 34.02
12296 9596 19670 1 1.78
12297 9593 19670 1 1.94
12298 19670 9601 1 31.7
12299 9590 19610 1 2.85
12300 9596 9603 1 1.12
12301 19672 9594 1 6.68
12302 9601 19672 1 2.09
12303 9210 9599 1 12.25
12305 9603 9606 1 1.58
12306 19670 9606 1 0.9
12311 9208 9610 1 20.13
12316 9599 9614 1 8.97
12319 19659 9592 1 37.3
12321 9458 9616 1 50.41
12325 9616 19628 1 48.91
12326 9614 9616 1 4.16
12330 9595 9621 1 16.67
12340 9601 9634 1 19.21
12343 9576 19623 1 31.71
12345 9208 9638 1 16.83
12346 9610 9639 1 42.61
12347 9639 9616 1 15.08
12348 9610 9638 1 16.28
12350 9638 19623 1 10.35
12359 19623 9648 1 34.71
12364 19614 9652 1 47.64
12365 9653 19615 1 57.6
12366 9652 9654 1 1.96
12367 9634 19671 1 11.61
12368 19671 19672 1 38.15
12370 9653 9648 1 40.99
12371 9606 9657 1 17.5
12372 19617 19623 1 17.19
12374 19610 9660 1 18.76
12375 9648 19617 1 22.3
12376 9661 19609 1 46.22
12377 9662 19671 1 2.39
12380 9654 9653 1 17.48
12386 9661 9652 1 22.07
12387 9668 9660 1 23.01
12388 9668 9661 1 7.07
12390 9660 9670 1 4.16
12392 9657 9672 1 6.4
12394 9662 9672 1 20.25
12401 9638 9679 1 17.37
12402 9679 19625 1 2.25
12408 9686 9653 1 12.62
12443 19629 9616 1 30.4
12446 9639 19629 1 30.55
12448 9670 9714 1 11.92
12453 19659 19661 1 66.17
12454 19661 19660 1 23.02
12455 9714 19611 1 6.8
12456 19611 9668 1 25.39
12463 9726 19661 1 3.67
12465 9621 9728 1 46.05
12469 9728 19665 1 1.25
12470 19665 9596 1 64.47
12475 9735 9662 1 35.72
12477 19617 19624 1 26.1
12478 19624 19625 1 28.6
12479 9679 19626 1 15.44
12489 9745 19624 1 2.75
12508 19626 19627 1 21.54
12512 9761 19629 1 45.78
12513 19627 9761 1 3.55
12525 9773 9745 1 45.63
12528 9776 9686 1 45.6
12530 9779 19612 1 6.1
12531 19612 9773 1 14.41
12535 9784 9726 1 32.97
12542 9776 9779 1 29.63
12543 9784 9728 1 37.32
12550 9794 19658 1 82.08
12552 19629 9795 1 54.26
12559 9802 9794 1 7.05
12563 9795 9802 1 3.84
12564 9794 9807 1 15.28
12581 9802 19662 1 5.56
12587 9773 9825 1 15.99
12591 9829 9825 1 31.22
12595 9761 19632 1 20.9
12598 9795 9835 1 12.68
12599 19660 9836 1 54.53
12603 19612 9841 1 21.97
12604 9825 9841 1 2.43
12612 9845 9672 1 55.98
12613 9845 9735 1 35.32
12615 9836 9807 1 57.68
12620 9849 9726 1 37.38
12627 19626 9855 1 37.41
12632 9849 9784 1 29.99
12633 9745 19630 1 38.26
12634 9855 19630 1 1.5
12637 19630 9829 1 35.26
12638 19632 9859 1 9.56
12642 9855 9862 1 3.21
12649 19677 9845 1 16.39
12665 9882 19677 1 5.23
12666 9855 9859 1 54.69
12667 9883 19677 1 5.45
12668 9882 9883 1 3.55
12676 9859 19633 1 9.49
12683 19665 9894 1 51.78
12686 9862 9897 1 11.12
12696 9883 19676 1 12.45
12699 9906 9882 1 28.64
12700 9907 19676 1 28.51
12703 9909 9894 1 20.8
12704 9909 9907 1 2.29
12705 9714 9910 1 60.91
12715 9910 19618 1 2.46
12716 19618 9776 1 44.18
12723 19618 9921 1 2.62
12728 19673 9849 1 39.33
12733 9835 9930 1 38.66
12736 19620 9934 1 0.95
12737 9934 9862 1 49.36
12738 9841 9935 1 36.93
12739 9935 19620 1 1.07
12740 9934 9936 1 5.61
12745 9939 19673 1 10.07
12746 9939 9894 1 11.58
12747 19618 9935 1 73.59
12787 9897 9975 1 27.79
12788 19633 9976 1 31.22
12790 9978 9939 1 16.08
12791 9978 9909 1 27.84
12792 9979 19676 1 25.06
12801 9897 9983 1 25.76
12803 9983 9936 1 33.8
12820 7710 7707 1 1.52
12822 7849 7830 1 8.66
12823 7029 18669 1 9.71
12824 19675 9978 1 8.75
12828 9975 10007 1 12.45
12851 10025 19675 1 10.39
12852 10025 9979 1 40.48
12859 10030 9979 1 15.54
12860 10030 10031 1 0.63
12871 10025 2912 1 11.71
12876 9921 10041 1 42.81
12884 2913 10030 1 29.67
29650929 19585 7892 1 0.69
29653281 18658 21995 1 7.2
29653610 18662 7003 1 15.71
29653611 22348 18662 1 0.98
29653642 22384 22385 1 1.32
29653643 22385 6920 1 5.55
29653650 22394 8095 1 7.26
29653651 22395 22400 1 7.17
29653652 7984 22395 1 2.4
29653653 19589 7984 1 0.83
29653654 22399 19589 1 7.66
29653655 22398 7442 1 5.28
29653656 22398 19589 1 3.05
29653657 22400 22401 1 7.39
29653658 22400 22402 1 2.16
29653659 22402 22403 1 7.42
29653660 19584 22404 1 7.2
29653661 22403 19584 1 4.37
29653662 22404 7892 1 3.64
29653663 22396 7979 1 4.26
29653664 22405 7939 1 9.54
29653665 22405 22404 1 2.2
29653666 7939 19583 1 16.02
29653667 22407 22406 1 3.94
29653669 22406 18582 1 17.34
29653670 22409 22408 1 0.59
29653714 19589 7979 1 3.58
