308 405 40
20231
20143
20136
20385
20173
20179
20312
20299
20338
20325
20379
20238
20320
20162
20237
20159
20181
20009
20308
20037
20408
20326
20040
20185
20175
20324
20357
20293
20348
20167
20272
20400
20358
20371
20135
21327
20377
20368
20043
20374
2293 20173 20172 1 4.09
14489 20325 11223 1 4.58
15506 12004 19899 1 67.41
15931 12333 12004 1 67.62
15985 20133 12406 1 52.22
15986 20133 20134 1 44.46
16056 12490 20129 1 57.21
16057 20129 12333 1 7.96
16066 12333 12498 1 24.31
16121 12498 12476 1 82.26
16204 20129 20011 1 67.42
16213 12557 20002 1 91.32
16309 12406 20129 1 37.54
16493 20016 12794 1 61.29
16495 20016 12406 1 54.28
16578 12852 20133 1 39.01
16579 12852 20134 1 27.63
16627 20135 12892 1 1.49
16628 20136 20135 1 22.85
16632 12892 12852 1 36.37
16735 20206 12982 1 33.14
16787 20143 20136 1 72.12
16788 20143 20142 1 17.71
16800 12982 13023 1 22.6
16829 20007 20002 1 94.8
16860 13072 20143 1 27.92
16861 20142 13072 1 37.28
16870 20014 13077 1 54.58
16876 13072 20203 1 19.76
16887 20203 13023 1 37.49
16889 20143 20144 1 26.04
16897 20047 20007 1 57.8
16913 13106 13072 1 15.72
16917 20017 20016 1 64.63
16923 20200 13106 1 1.21
16931 20144 13122 1 7.2
16934 13122 20200 1 26.4
16993 13122 20141 1 17.83
16997 20009 20007 1 27.38
17049 13203 20200 1 20.38
17115 12982 13252 1 63.34
17119 20016 13254 1 136.52
17120 20133 13254 1 93.9
17123 13203 20232 1 25.08
17124 20232 20203 1 37.98
17130 20031 20009 1 20.79
17138 20232 13252 1 84.06
17225 20232 20233 1 36.73
17239 20014 13335 1 88.53
17240 20009 13335 1 92.73
17245 20156 20141 1 43.89
17246 20156 13203 1 45.08
17314 20032 20031 1 26.8
17350 20049 13335 1 20.38
17351 13415 20156 1 20.81
17374 20156 20231 1 55.48
17375 20231 20232 1 41.19
17379 20048 20049 1 45.48
17385 13335 20052 1 58.52
17391 20157 13415 1 11.59
17395 20052 13450 1 4.07
17396 13450 20017 1 79.89
17436 20036 20032 1 19.4
17437 20036 20048 1 33.61
17466 13497 13415 1 20.39
17471 13497 20162 1 22.08
17481 20236 20233 1 63.6
17482 20236 13252 1 57.81
17544 20158 13497 1 12.86
17555 20051 20049 1 40.1
17570 13575 20052 1 32.59
17582 20235 20236 1 21.34
17590 20037 20036 1 30.84
17603 13254 20146 1 76.82
17604 20154 12892 1 102.87
17608 13450 20145 1 75.46
17612 20050 20051 1 44.41
17641 20159 20158 1 19.33
17644 20039 20037 1 11.25
17648 20039 20050 1 54.91
17653 13640 20231 1 71.74
17654 20235 13640 1 40.5
17656 20146 20145 1 40.53
17675 20165 20159 1 26.75
17693 13670 20146 1 82.63
17707 13680 20159 1 17.25
17716 20165 13680 1 29.13
17725 13670 20160 1 13.19
17726 20160 13680 1 2.28
17727 13693 13694 1 12.69
17737 13694 20165 1 60.03
17741 13670 20155 1 9.07
17752 13713 20051 1 79.38
17753 13713 13575 1 39.86
17761 13718 13640 1 21.77
17762 13718 13693 1 25.01
17794 13731 13737 1 1.75
17795 20040 13737 1 4.0
17796 13731 13739 1 2.47
17797 13737 13739 1 2.62
17806 13718 13745 1 31.1
17807 20044 20037 1 41.2
17816 13753 20160 1 16.11
17818 20184 13680 1 26.93
17819 20165 20184 1 26.8
17828 13761 20236 1 71.51
17834 13761 20272 1 2.49
17856 20042 20040 1 65.02
17858 20146 20167 1 61.43
17862 13745 13761 1 40.98
17864 20184 20237 1 61.05
17888 20181 13753 1 13.2
17889 20184 20181 1 21.8
17897 13809 20153 1 17.77
17912 20238 20239 1 22.4
17914 20373 13833 1 45.9
17917 20373 20239 1 105.55
17935 20378 13868 1 15.6
17939 20301 20295 1 15.29
17942 20327 20325 1 20.34
17947 20326 20323 1 46.51
17951 20327 20326 1 20.22
17956 13896 20301 1 9.66
17961 13902 20374 1 52.35
17962 20289 20290 1 33.73
17972 13921 20042 1 10.16
17973 13921 20044 1 14.91
17975 13923 20184 1 23.55
17979 20185 13923 1 1.65
17983 13739 21868 1 33.72
17984 20169 20155 1 30.98
17994 20043 13921 1 9.69
17999 13945 20272 1 48.21
18004 20182 20181 1 18.56
18005 20182 20183 1 7.26
18006 20185 20183 1 12.69
18018 20148 13713 1 52.7
18021 20167 20170 1 65.21
18022 20170 20169 1 14.96
18024 20237 20241 1 59.43
18025 13718 20241 1 42.61
18026 20241 13945 1 20.28
18048 20148 13979 1 12.47
18065 13993 13994 1 116.47
18084 14008 13993 1 7.86
18087 14011 13993 1 8.93
18088 14011 20170 1 30.97
18092 20172 14011 1 2.65
18102 20241 13833 1 39.78
18103 13833 13945 1 36.3
18105 20172 20171 1 11.67
18107 20171 14008 1 9.36
18108 14024 20043 1 79.31
18109 20051 14024 1 110.64
18116 13979 20150 1 62.32
18126 14039 20183 1 56.84
18127 14039 20241 1 78.89
18129 20177 20178 1 7.25
18134 20173 20177 1 33.23
18140 20175 20152 1 14.41
18141 20175 20171 1 17.7
18151 20178 20186 1 20.39
18161 20053 14024 1 18.0
18172 14039 20239 1 17.52
18175 20186 14075 1 13.12
18176 14075 20182 1 56.53
18177 20152 20153 1 18.71
18180 20150 20153 1 56.13
18194 20180 20177 1 26.91
18201 20188 14075 1 10.27
18202 20188 14039 1 47.6
18221 14100 20148 1 89.01
18222 14100 20054 1 22.81
18227 20054 20053 1 58.32
18242 14114 20152 1 47.53
18249 14114 20179 1 12.81
18256 14123 20180 1 20.17
18257 20179 14123 1 13.85
18261 20187 20188 1 25.1
18274 14136 14114 1 11.07
18275 14123 20187 1 22.43
18277 20291 13979 1 116.65
18278 13809 20291 1 30.45
18289 20383 20373 1 14.76
18295 20188 20324 1 37.25
18296 20324 20238 1 28.94
18315 14161 20293 1 9.18
18316 14161 14136 1 17.61
18327 20292 20291 1 35.55
18329 20316 14136 1 15.35
18331 20292 20293 1 22.07
18335 20323 20187 1 18.86
18355 14100 14192 1 92.79
18358 14192 14193 1 0.47
18359 14193 20286 1 1.45
18360 20291 20286 1 32.09
18367 20383 20385 1 24.54
18394 20296 20292 1 21.49
18395 20296 14161 1 24.38
18433 20374 20378 1 28.63
18435 13868 20386 1 23.0
18436 20386 14238 1 12.5
18437 20299 14240 1 26.94
18438 20295 20299 1 10.4
18449 20238 20374 1 106.01
18473 14264 20324 1 50.9
18490 20295 20296 1 26.35
18497 13868 20385 1 31.03
18515 14284 13896 1 2.04
18526 20321 20326 1 6.88
18543 20299 20297 1 29.09
18548 20324 20370 1 71.6
18549 20370 13902 1 21.93
18557 14313 20316 1 64.98
18558 20321 14313 1 21.89
18569 20386 20392 1 33.68
18572 20289 20286 1 79.57
18573 20297 20289 1 8.6
18578 20301 20300 1 19.87
18584 14332 20370 1 19.69
18585 14333 14284 1 31.67
18602 20378 14345 1 24.67
18603 14313 20320 1 7.35
18604 14347 14333 1 1.78
18607 20317 14347 1 0.5
18611 20299 14352 1 26.78
18613 20320 20317 1 10.87
18615 14352 20300 1 9.54
18619 20297 14358 1 32.28
18620 14358 14352 1 4.84
18627 20371 14332 1 10.48
18631 14366 14332 1 30.11
18632 14367 20321 1 23.16
18633 14368 20371 1 4.51
18634 20370 14368 1 20.28
18638 20400 20392 1 24.3
18649 14380 14367 1 8.56
18650 14380 20328 1 12.6
18651 13902 20372 1 42.99
18682 20318 14284 1 43.86
18683 20318 14347 1 31.05
18684 20318 20322 1 39.07
18691 20372 20377 1 20.44
18692 20374 20377 1 61.69
18693 20400 20377 1 109.97
18694 20319 20318 1 5.91
18701 20302 20319 1 14.16
18705 20302 20300 1 46.75
18715 20400 14425 1 38.07
18720 20302 20330 1 8.53
18721 20342 14380 1 31.68
18724 14434 14429 1 6.44
18725 14435 20290 1 22.9
18726 20406 14425 1 4.39
18732 14440 14434 1 6.91
18739 14425 14440 1 27.96
18748 20343 20342 1 12.93
18749 14440 14459 1 14.12
18753 20343 20344 1 9.16
18773 20330 20334 1 34.27
18780 14459 21327 1 12.89
18781 20331 20334 1 1.29
18792 20406 14495 1 19.99
18793 14496 14440 1 35.44
18795 20290 20304 1 37.99
18796 20379 20346 1 8.66
18797 14501 20377 1 79.68
18798 20331 14502 1 18.37
18799 20379 14501 1 3.22
18800 14502 20336 1 6.02
18801 20344 20347 1 25.1
18802 20347 20379 1 2.54
18808 14510 20377 1 83.34
18809 14511 14512 1 61.16
18811 20379 20348 1 11.6
18812 14515 20343 1 25.47
18813 14516 14515 1 0.61
18815 14512 20405 1 9.51
18820 20335 14502 1 16.98
18822 20333 20331 1 34.44
18823 20333 20335 1 10.2
18827 20377 14530 1 54.57
18828 14531 20404 1 60.12
18830 14534 20333 1 14.44
18831 14535 14530 1 9.97
18835 14534 20332 1 5.22
18842 14501 14535 1 75.82
18843 14535 20382 1 26.83
18850 20332 20338 1 11.27
18852 14550 14534 1 12.56
18861 20304 20308 1 35.74
18867 14565 14550 1 13.95
18868 20338 14565 1 8.94
18869 20311 20312 1 67.04
18870 14550 20337 1 12.67
18879 14575 14576 1 11.02
18881 14578 14575 1 25.48
18883 14565 14578 1 14.7
18888 20339 14578 1 3.49
18895 20308 14588 1 12.82
18897 20337 14590 1 14.35
18906 14575 20350 1 42.29
18917 14590 20314 1 26.8
18920 20340 20339 1 35.27
18922 14611 20314 1 23.4
18923 20340 14590 1 51.29
18929 20310 20307 1 28.1
18930 14611 20307 1 46.07
18933 20340 20341 1 32.01
18937 20366 20340 1 13.09
18941 20307 20355 1 12.06
18955 20366 20368 1 33.33
18976 20363 20365 1 30.35
18977 20365 20366 1 32.71
19015 20361 14611 1 67.34
19024 14703 20365 1 23.71
19050 20355 20356 1 59.49
19061 20359 20361 1 46.02
19069 20358 20359 1 8.71
19087 14753 20356 1 21.52
19094 20360 20358 1 19.26
19120 14780 14753 1 8.45
19121 14780 20360 1 18.38
19132 20357 14780 1 7.73
19136 14791 20357 1 11.04
20103 14531 15838 1 33.11
20104 14530 20382 1 23.47
20105 15838 15839 1 5.97
20106 21327 15840 1 29.03
20107 15840 14496 1 20.04
20108 20405 15841 1 29.41
20114 15839 20382 1 30.57
20115 20400 15848 1 29.94
20145 20327 14366 1 25.66
20146 20325 20370 1 46.69
20147 15882 11223 1 11.97
20148 20323 15882 1 40.51
20149 20371 15883 1 11.19
20150 15883 20346 1 61.49
20151 20302 20311 1 40.95
20152 20289 15884 1 83.51
20153 14240 15885 1 27.63
20154 20286 20296 1 56.13
20157 15887 20310 1 30.86
20158 15888 15887 1 29.37
20159 20355 14617 1 21.59
20171 15897 15898 1 134.06
20172 20011 12490 1 44.24
20180 14264 15909 1 0.04
20181 11223 14264 1 0.0
20206 11223 15909 1 0.04
20207 14366 20328 1 5.15
20233 14240 20286 1 19.56
20398 20241 16086 1 22.4
20399 16087 16088 1 44.43
20400 20206 16089 1 46.65
20429 20158 16119 1 40.63
20430 12794 16120 1 25.14
20431 16121 16122 1 22.6
20432 16086 16123 1 12.0
20433 16122 16124 1 15.0
20434 16125 16126 1 22.1
20435 16127 16124 1 1.59
20436 16125 16127 1 0.5
20437 16126 16128 1 17.98
20438 16121 16128 1 10.47
20439 16129 20007 1 59.53
20440 16088 20152 1 20.23
20441 16130 20014 1 51.32
20442 16120 16130 1 0.6
20443 20145 16121 1 20.18
20444 16087 16126 1 60.31
20445 20158 20154 1 125.48
20446 13335 13077 1 63.09
20447 16123 16131 1 5.86
20448 16124 16132 1 69.4
20449 20148 16127 1 44.99
20450 20014 16129 1 63.92
20451 20009 20047 1 41.12
20665 20404 14511 1 0.37
20666 20404 14510 1 1.12
20667 14512 14496 1 5.05
20668 14496 14495 1 5.24
20669 14495 14512 1 4.22
20679 14617 20307 1 25.18
20680 14617 16244 1 1.12
20681 16244 15888 1 53.32
20682 14588 20337 1 84.51
20683 20312 20337 1 10.2
20684 14588 20310 1 7.47
20685 14435 20311 1 4.77
20686 20322 14483 1 30.07
20687 14483 20342 1 21.24
20688 20322 14367 1 21.32
20689 20405 20408 1 4.64
20713 13994 20145 1 0.07
20714 20146 20154 1 83.22
20715 20016 20014 1 55.7
20716 16247 20047 1 12.54
20717 13077 16129 1 35.16
20718 13077 16247 1 6.43
20719 16248 12794 1 5.72
20720 16248 20011 1 1.53
20721 20011 12557 1 9.71
20723 15897 12490 1 6.3
