2105 2543 30
18844
19030
18899
19231
18417
19004
18894
18999
19381
19107
19813
19068
18420
18773
18983
18813
18895
18536
19045
19261
19119
18775
18615
19344
19143
19497
18951
19054
18842
18405
1912 19064 1546 1 12.03
3476 19324 2761 1 0.82
3489 18716 2780 1 12.45
3510 18412 18417 1 28.4
3515 22094 18714 1 4.19
3520 18791 18790 1 2.37
3521 2834 18791 1 9.64
3528 18718 22078 1 4.06
3950 22153 18404 1 3.46
4012 18405 3181 1 2.5
4370 22103 18408 1 19.32
4373 18702 22103 1 0.45
4374 18704 18702 1 4.58
4379 18406 22107 1 15.17
4406 18406 18409 1 20.34
4426 18707 18708 1 12.38
4446 18708 3551 1 1.09
4453 3551 3557 1 1.47
4506 3598 3547 1 7.87
4516 2780 3551 1 5.14
4527 3557 3612 1 10.12
4556 18737 3547 1 35.31
4582 18732 3654 1 3.17
4588 18737 3598 1 16.89
4591 3654 3660 1 3.39
4604 3670 18737 1 4.97
4615 3612 18732 1 13.1
4646 18406 18417 1 20.73
4668 3713 18733 1 11.83
4676 3713 3670 1 10.05
4677 3713 18736 1 4.24
4685 3660 3723 1 6.59
4695 3723 18734 1 2.29
4696 18734 3713 1 7.51
4720 3748 18717 1 0.84
4722 3752 3753 1 2.11
4729 3764 18734 1 12.37
4737 3764 18735 1 7.12
4751 3753 18418 1 2.98
4762 3795 18745 1 3.71
4809 18417 3752 1 9.0
4822 18717 18716 1 9.03
4830 18418 3837 1 1.04
4834 18738 3713 1 20.6
4848 18788 18787 1 11.54
4866 3862 18412 1 27.67
4868 18413 3772 1 10.75
4869 18413 18412 1 17.11
4870 3865 3837 1 3.85
4876 3862 21884 1 0.45
4877 18420 3862 1 0.73
4878 18420 3865 1 1.73
4880 3872 18413 1 13.55
4881 3813 18789 1 19.39
4888 3837 18422 1 17.38
4890 3881 3872 1 4.25
4896 18420 3881 1 6.99
4904 3890 3795 1 6.72
4913 3898 3748 1 11.1
4917 3902 18788 1 4.29
4918 3902 18789 1 6.57
4929 2834 3902 1 1.05
4931 3898 18720 1 6.87
4938 18735 18741 1 12.79
4941 22103 15419 1 11.57
4948 22095 3898 1 12.81
4960 18422 18714 1 28.32
4974 18741 3933 1 2.35
4981 18790 3890 1 6.86
5023 18738 18746 1 15.87
5030 3933 22086 1 23.37
5036 22086 3971 1 3.71
5046 3968 18810 1 3.12
5060 18791 4001 1 8.02
5078 18749 4016 1 0.31
5081 3971 18749 1 17.44
5082 18738 18792 1 40.04
5083 18792 4001 1 12.42
5092 18749 22081 1 4.62
5093 4027 22094 1 11.33
5112 4041 18810 1 7.42
5149 18415 4066 1 0.67
5150 4066 18414 1 16.29
5154 4066 18416 1 16.99
5173 4027 18715 1 11.95
5182 18721 22073 1 4.2
5187 22073 22089 1 12.81
5191 18416 18421 1 12.43
5192 4095 4027 1 12.42
5202 4095 18719 1 6.67
5204 18719 4104 1 0.48
5215 18421 22098 1 3.07
5216 22098 18424 1 16.9
5260 4150 18856 1 16.51
5273 22088 18769 1 8.94
5274 18812 4163 1 1.26
5275 4001 4163 1 23.75
5277 18768 22088 1 1.1
5278 22089 18768 1 29.58
5286 18881 4150 1 4.26
5296 4178 18881 1 0.54
5297 22040 4180 1 5.76
5302 18764 4186 1 7.16
5303 4186 18763 1 21.88
5304 4187 4188 1 4.96
5306 4191 4192 1 7.98
5307 18904 4191 1 15.04
5331 4234 18753 1 13.55
5340 18957 4250 1 15.21
5347 4262 18774 1 8.29
5348 4264 18459 1 5.98
5349 4264 18458 1 19.19
5352 4270 18842 1 7.73
5366 4292 4293 1 17.4
5367 4293 18442 1 26.47
5373 18631 4304 1 1.11
5374 4305 19037 1 7.36
5375 19037 19036 1 29.15
5377 19207 4311 1 3.85
5380 4315 4316 1 9.16
5381 4316 4317 1 6.05
5382 4318 18793 1 14.25
5384 4163 4318 1 6.11
5392 18836 4041 1 20.42
5393 4325 18881 1 9.0
5394 4326 18836 1 1.15
5399 4330 4327 1 1.77
5402 4333 18896 1 2.66
5403 4334 18813 1 3.06
5404 4327 4326 1 3.15
5408 4163 4334 1 7.1
5410 22067 18830 1 2.2
5414 18750 4095 1 13.3
5416 4318 4346 1 17.28
5417 4347 4340 1 5.15
5422 4334 4351 1 6.05
5423 4352 4325 1 10.89
5425 18902 4144 1 9.72
5426 4351 4347 1 20.5
5427 4340 22067 1 10.65
5432 18445 22098 1 15.76
5437 4362 22088 1 14.45
5453 4346 4362 1 17.4
5454 4373 4333 1 6.69
5458 18719 18755 1 19.17
5459 4377 4318 1 8.6
5464 4380 18445 1 5.25
5468 22291 22289 1 3.11
5471 4386 4352 1 6.49
5476 4362 4390 1 9.21
5480 18898 4373 1 2.29
5482 4326 18878 1 40.08
5483 18904 18902 1 11.85
5486 4397 18750 1 7.56
5487 4398 22291 1 2.09
5491 4400 4386 1 8.23
5492 4400 18895 1 13.16
5494 18817 4351 1 9.39
5498 4346 18811 1 8.98
5499 18811 4377 1 10.54
5501 4373 4408 1 7.4
5505 18878 18879 1 10.5
5506 4390 18770 1 4.84
5511 4400 4408 1 6.04
5512 4415 4418 1 1.0
5513 4408 4419 1 1.56
5518 4180 4178 1 15.5
5521 4192 18903 1 0.54
5522 4390 18764 1 11.83
5529 4188 18415 1 36.6
5530 4415 4188 1 15.43
5532 4419 4428 1 1.95
5541 18879 4434 1 9.65
5542 4188 4435 1 9.91
5543 4435 4380 1 14.07
5550 4440 4435 1 2.36
5553 4418 4442 1 4.49
5554 18904 18950 1 13.07
5560 4448 18898 1 10.27
5563 4434 22040 1 6.38
5564 4440 4187 1 8.9
5570 4187 18443 1 0.9
5571 18751 4397 1 10.53
5579 4448 4463 1 6.02
5582 4442 4187 1 10.55
5583 4398 22288 1 5.86
5585 4428 4466 1 9.15
5590 22040 4470 1 7.54
5606 18950 18951 1 14.39
5610 18765 18756 1 17.05
5611 4186 18765 1 11.91
5613 18760 4490 1 2.27
5615 4466 4492 1 9.2
5616 4492 4428 1 8.94
5617 4463 4492 1 4.35
5621 4496 4492 1 0.64
5622 4492 21886 1 0.16
5623 18897 4492 1 1.66
5624 4435 18446 1 11.75
5632 4327 18835 1 5.82
5638 4466 4510 1 5.52
5639 4191 18909 1 7.92
5640 4448 18909 1 33.03
5647 18814 18817 1 22.5
5668 4510 4529 1 3.63
5669 4496 4529 1 8.8
5671 18879 4531 1 23.5
5672 18833 18834 1 17.49
5673 18909 4533 1 3.13
5675 4510 4535 1 3.21
5678 4470 4535 1 20.94
5685 18770 18771 1 19.35
5688 18753 18751 1 12.67
5689 18754 18753 1 10.23
5690 4543 4496 1 7.16
5699 18819 18817 1 35.7
5700 4531 18837 1 20.41
5702 18771 4554 1 4.22
5706 4557 4186 1 17.52
5707 4557 18771 1 8.71
5710 4558 18905 1 0.96
5717 4561 18956 1 17.23
5726 4570 4557 1 4.27
5727 18771 4570 1 6.58
5729 18956 18976 1 10.49
5731 4543 4558 1 16.93
5734 4535 4575 1 7.77
5743 4580 18814 1 12.62
5745 18446 4582 1 14.7
5746 4582 18447 1 2.04
5747 4554 4584 1 20.88
5748 4580 4584 1 0.37
5751 4587 18753 1 16.55
5756 18446 18448 1 19.23
5764 4533 18910 1 14.07
5783 4602 4557 1 16.62
5790 4607 4561 1 14.32
5792 4608 4543 1 18.46
5793 4608 18906 1 1.33
5797 4612 4608 1 0.42
5800 4584 18815 1 6.53
5801 4616 4602 1 1.6
5809 22054 22287 1 26.24
5812 18909 18908 1 3.7
5818 18767 4616 1 2.81
5819 18766 18767 1 15.02
5820 18819 18833 1 14.34
5821 18834 4632 1 37.31
5835 18753 18757 1 25.95
5836 18757 18766 1 23.05
5838 4587 18752 1 10.18
5839 18910 4645 1 10.86
5840 4646 4645 1 1.69
5846 4645 18911 1 2.52
5850 18958 4607 1 6.63
5860 22116 4582 1 17.42
5861 4660 18958 1 0.99
5867 18957 22054 1 7.67
5870 18957 4561 1 18.08
5876 22050 4612 1 8.56
5877 22050 18900 1 4.6
5878 18816 18817 1 39.45
5880 18815 18816 1 21.93
5889 18883 18882 1 11.78
5891 18825 18816 1 28.78
5893 4632 18838 1 10.49
5912 18919 4646 1 16.34
5919 18906 18907 1 9.72
5920 4701 18919 1 0.55
5927 18841 4708 1 2.08
5928 18888 18899 1 13.11
5934 4645 18959 1 11.09
5948 4701 4721 1 1.64
5952 4708 4724 1 5.77
5953 4724 18884 1 16.76
5957 4490 4582 1 52.97
5958 4490 4234 1 17.64
5959 4490 18757 1 25.23
5963 18838 18841 1 16.91
5971 4730 22050 1 10.17
5974 4733 18957 1 20.27
5975 4660 4733 1 12.41
5976 4728 18884 1 0.77
5977 4490 21885 1 1.91
5983 18888 22042 1 11.1
5988 22042 18883 1 20.42
5990 4741 18960 1 9.01
5993 18816 18821 1 19.56
6007 4756 18449 1 14.83
6008 4490 4756 1 26.95
6009 4758 18888 1 11.07
6012 4741 4760 1 4.24
6013 18967 4760 1 6.33
6014 4756 4762 1 0.92
6017 4765 4756 1 1.19
6018 18772 18767 1 21.85
6019 4767 18772 1 1.47
6021 18983 4752 1 8.43
6022 18968 4733 1 8.29
6023 18968 4250 1 26.1
6029 4582 18455 1 19.85
6030 18968 18983 1 15.83
6031 18457 4765 1 1.55
6032 18917 4730 1 9.41
6036 4781 18451 1 1.86
6037 4776 4781 1 5.0
6038 4721 18920 1 15.67
6039 18959 18920 1 14.47
6048 4790 4758 1 11.74
6053 18912 4790 1 0.84
6054 18912 18914 1 8.31
6058 4762 18456 1 25.32
6059 18456 4776 1 14.05
6062 22025 18884 1 16.71
6064 4760 18962 1 9.71
6071 18887 22041 1 25.33
6076 4816 18962 1 3.92
6081 18435 4820 1 6.8
6086 18967 4824 1 13.57
6087 4808 18441 1 2.19
6093 18961 4816 1 2.99
6094 4830 22025 1 6.31
6100 18826 18825 1 22.09
6106 4781 18450 1 7.4
6108 4841 4808 1 4.53
6109 4781 4841 1 22.06
6111 4841 4820 1 27.48
6112 4824 18969 1 9.3
6116 18913 18912 1 6.99
6125 4855 18961 1 4.72
6129 18920 18921 1 8.56
6132 4862 18917 1 11.88
6133 4855 4863 1 0.87
6136 18921 4866 1 0.36
6137 4867 22328 1 1.23
6140 4870 18826 1 9.59
6141 4871 4870 1 4.19
6145 4866 4855 1 13.3
6146 18922 4862 1 0.76
6152 18922 4879 1 9.93
6153 4879 4866 1 6.04
6158 4882 18816 1 34.69
6160 18826 22032 1 20.27
6171 4892 4830 1 8.5
6172 4867 18889 1 11.16
6173 18458 18457 1 12.66
6174 18820 4882 1 2.33
6177 18889 4897 1 7.81
6178 18773 4767 1 15.19
6179 4899 18773 1 10.81
6183 18761 18760 1 35.85
6187 4897 4905 1 7.09
6188 4905 18913 1 6.03
6189 4905 4906 1 9.14
6193 22335 4892 1 4.62
6194 22335 22329 1 7.47
6198 4912 18776 1 30.73
6199 4912 18777 1 11.61
6201 4906 18922 1 19.82
6206 4918 22336 1 13.38
6207 4882 4919 1 10.61
6208 4870 18829 1 7.39
6210 18777 4899 1 22.12
6217 4863 4927 1 8.52
6242 4944 4918 1 2.34
6243 4944 4945 1 3.86
6245 4927 18964 1 1.44
6246 22332 22334 1 1.06
6247 4918 18890 1 3.12
6251 4906 18916 1 5.27
6255 22331 4944 1 3.81
6256 18823 4919 1 5.29
6258 4824 18970 1 17.1
6264 4899 18775 1 6.81
6265 4960 4912 1 4.92
6266 4919 4960 1 7.34
6267 18450 4961 1 13.26
6274 4966 18437 1 1.44
6275 4820 4966 1 16.53
6276 18891 4944 1 6.19
6280 18820 18824 1 11.94
6283 4973 15427 1 24.12
6284 18838 4973 1 39.59
6289 18965 18962 1 22.93
6290 18965 18970 1 19.82
6295 18773 4262 1 11.82
6296 4262 18761 1 25.55
6299 22026 18886 1 22.09
6302 18827 18829 1 17.52
6303 4983 4973 1 3.94
6304 18452 4841 1 17.21
6306 4945 18893 1 25.74
6307 18893 4905 1 12.98
6309 4983 22026 1 7.62
6310 18824 4988 1 3.79
6321 4983 4997 1 2.23
6329 18842 4983 1 2.21
6333 5005 4841 1 19.82
6336 4961 18453 1 8.99
6340 18970 22284 1 32.75
6341 22285 22284 1 0.89
6344 18985 22285 1 1.27
6345 18963 4879 1 22.61
6346 18963 18964 1 12.57
6347 18963 18965 1 17.45
6348 22285 22281 1 1.05
6359 18762 18761 1 18.23
6361 18844 22026 1 4.84
6364 18779 4960 1 10.02
6365 18779 4882 1 21.24
6367 5025 18970 1 11.13
6372 18986 18990 1 4.33
6378 4292 18438 1 7.3
6379 4966 4292 1 14.8
6380 18840 4270 1 1.87
6388 5038 18842 1 9.62
6389 18972 5025 1 5.31
6390 18886 18885 1 8.37
6391 18774 22118 1 4.92
6393 5043 18829 1 21.69
6396 5046 18827 1 11.69
6407 5056 5046 1 0.62
6411 18915 18893 1 16.88
6414 18828 5046 1 1.76
6418 22118 5065 1 19.78
6420 5038 18845 1 5.06
6425 18442 18452 1 16.96
6426 5073 18915 1 2.78
6428 5075 4988 1 19.7
6429 5075 18828 1 2.13
6431 18454 5005 1 16.44
6432 18453 18454 1 16.0
6439 18971 18972 1 7.83
6440 18963 5083 1 19.85
6446 5083 18966 1 1.93
6447 18454 18442 1 24.21
6448 5089 5038 1 9.91
6449 5089 18846 1 10.24
6450 18965 5090 1 17.36
6451 5090 18971 1 5.66
6452 5083 5090 1 5.12
6461 5097 5073 1 3.18
6464 5097 5100 1 10.15
6465 18925 18963 1 17.39
6474 5107 18840 1 11.33
6476 5108 5056 1 8.14
6477 5043 5108 1 16.45
6478 5100 18923 1 10.73
6482 5112 5107 1 1.86
6484 18759 4264 1 12.98
6492 5118 18925 1 4.24
6502 19034 5075 1 15.1
6503 19034 18779 1 29.95
6504 5126 5043 1 12.33
6506 19126 5129 1 2.81
6509 5129 5132 1 13.36
6515 5137 19126 1 0.92
6516 5137 18892 1 16.37
6521 5065 18996 1 13.9
6523 4293 5114 1 11.65
6524 5143 18759 1 7.68
6531 5089 19051 1 12.87
6532 5149 5126 1 4.92
6533 19052 5089 1 11.78
6534 5132 19052 1 11.15
6538 18923 5152 1 10.26
6539 19047 5149 1 2.34
6540 19047 5112 1 17.04
6541 19051 19047 1 29.75
6543 5137 19135 1 18.88
6544 5152 5156 1 0.49
6545 5156 5118 1 10.35
6547 4293 18629 1 2.3
6549 19151 5156 1 1.4
6552 18996 5143 1 45.75
6553 5097 19145 1 10.11
6554 5164 5147 1 1.99
6555 5164 19229 1 0.48
6560 4293 5168 1 4.58
6569 19006 18778 1 18.12
6572 19149 5156 1 17.13
6575 5180 18454 1 21.28
6579 19135 19133 1 12.65
6582 19196 5118 1 11.84
6583 5143 5187 1 18.29
6584 5180 5187 1 4.1
6590 5180 18639 1 2.68
6594 5195 19006 1 3.57
6595 22118 19002 1 24.0
6596 5196 5187 1 1.94
6599 5083 19199 1 18.82
6600 5090 19199 1 17.07
6606 19135 19143 1 17.68
6607 19143 19145 1 13.47
6610 18633 18442 1 19.21
6617 19203 18973 1 27.49
6621 19199 19203 1 15.86
6627 5220 19196 1 5.66
6630 19222 19223 1 11.54
6640 5168 5229 1 17.59
6641 19199 5230 1 4.85
6647 5229 5236 1 4.58
6648 5237 19227 1 11.44
6649 5237 5164 1 12.74
6650 5237 19230 1 1.49
6654 5242 19047 1 17.57
6665 5254 18996 1 17.18
6670 19144 19143 1 7.61
6671 5230 19200 1 4.33
6672 19144 19146 1 14.19
6679 18629 18628 1 18.27
6686 5274 5195 1 11.04
6701 5285 5254 1 5.02
6702 5286 5220 1 10.14
6703 19007 5274 1 4.78
6706 5254 18993 1 8.17
6715 5297 19034 1 27.88
6725 5297 5242 1 26.14
6729 5236 18634 1 7.71
6733 5308 19197 1 3.33
6734 5308 5286 1 2.77
6735 5230 5308 1 10.69
6740 5313 18633 1 15.61
6741 18634 5313 1 12.22
6743 5315 5196 1 15.37
6746 19231 5237 1 9.06
6747 19231 5319 1 0.44
6749 5321 5297 1 2.95
6752 19225 22276 1 6.35
6759 5329 5315 1 2.34
6762 18637 5313 1 3.96
6763 18637 18454 1 36.17
6764 18637 5329 1 24.36
6765 5332 19231 1 2.49
6767 19035 19008 1 27.18
6769 19204 5337 1 7.33
6770 18628 5338 1 11.02
6772 19225 5332 1 26.79
6773 5308 19204 1 15.95
6781 5346 18632 1 5.94
6782 5346 18634 1 11.86
6783 5319 19378 1 11.59
6787 5337 5351 1 5.52
6792 5351 19206 1 0.51
6793 22017 19052 1 26.53
6801 19150 19146 1 15.36
6805 5329 18640 1 5.84
6809 19137 19144 1 18.82
6810 19137 19147 1 13.29
6811 5371 22017 1 1.45
6812 19036 19035 1 19.88
6813 19036 5321 1 9.23
6819 19208 19206 1 12.68
6820 5308 19208 1 40.84
6821 19208 19225 1 24.63
6823 19150 19147 1 23.54
6824 5371 19054 1 1.31
6827 19153 5308 1 27.65
6830 19150 19153 1 24.54
6832 5383 5285 1 13.01
6833 19054 5384 1 10.81
6840 19131 15441 1 10.41
6851 5384 19050 1 17.81
6854 19131 5398 1 0.78
6856 19378 19379 1 5.53
6857 5350 19379 1 9.52
6858 19379 5401 1 0.69
6860 19131 19137 1 22.75
6861 18637 18638 1 14.46
6862 18640 18638 1 18.03
6869 19201 5308 1 13.43
6872 5414 19050 1 9.1
6876 19048 5414 1 9.05
6879 5332 5419 1 10.95
6880 19379 5419 1 7.6
6885 19129 5371 1 14.24
6887 19226 19225 1 15.55
6888 19009 19007 1 22.42
6898 18630 5438 1 0.33
6900 5332 19232 1 16.88
6906 19232 19226 1 9.49
6910 19201 19205 1 21.79
6911 18640 18994 1 34.69
6920 19154 19153 1 13.58
6925 5461 5419 1 7.29
6926 18635 5346 1 18.21
6930 5438 18635 1 15.8
6934 5468 19129 1 15.62
6935 5468 19131 1 12.3
6939 5471 5461 1 1.46
6949 5476 5471 1 0.57
6955 19038 19048 1 19.21
6956 5480 5468 1 1.81
6959 19130 19129 1 10.77
6961 5485 5321 1 28.22
6962 5485 19038 1 0.91
6972 5492 18635 1 4.18
6975 5494 5476 1 2.79
6976 5494 19381 1 10.34
6981 19136 5398 1 19.61
6984 5480 5501 1 4.24
6986 5503 19201 1 16.63
6987 5503 19154 1 17.77
6988 19132 5480 1 3.61
6990 5501 19136 1 11.49
6994 5509 5501 1 2.05
6998 5512 5274 1 36.07
7002 5515 18994 1 16.32
7005 5517 5503 1 5.75
7006 18997 5383 1 21.71
7008 19202 5517 1 13.21
7011 18995 5515 1 1.75
7012 5523 5524 1 13.35
7015 19010 19009 1 17.6
7016 19010 5526 1 0.77
7017 19209 19208 1 32.6
7018 5526 4305 1 16.02
7019 5528 18997 1 1.79
7020 5524 5528 1 2.14
7021 18995 5529 1 1.32
7023 4250 4741 1 2.51
7025 5533 5494 1 7.24
7032 4315 5523 1 13.85
7033 4315 5538 1 13.6
7034 5505 18631 1 8.48
7035 19005 4317 1 0.5
7039 4315 19004 1 2.8
7046 5548 19043 1 1.53
7050 19043 19037 1 14.28
7052 5554 5533 1 4.45
7053 18995 5555 1 5.0
7056 5557 5509 1 8.25
7057 5558 5485 1 15.82
7058 5558 19049 1 10.89
7062 19212 19202 1 8.79
7063 5563 5554 1 0.95
7068 19241 5563 1 1.03
7069 19241 19386 1 9.73
7070 5569 19132 1 14.13
7074 4316 5572 1 4.47
7075 5572 5512 1 12.25
7076 5555 5528 1 16.44
7086 5580 5581 1 8.25
7087 5581 19210 1 6.29
7088 19210 5517 1 9.85
7089 5492 5583 1 15.72
7090 5569 19138 1 15.92
7092 5558 5586 1 10.46
7098 5590 19152 1 11.51
7099 5590 5580 1 15.4
7101 19210 5593 1 3.06
7102 18617 5595 1 2.19
7103 19055 5558 1 7.47
7106 19239 22261 1 6.39
7107 19004 5600 1 6.66
7110 5602 19136 1 32.48
7111 5602 19153 1 47.74
7114 5604 5548 1 9.51
7116 5606 19210 1 3.12
7117 5581 5606 1 6.91
7119 5606 5593 1 4.79
7121 5609 5590 1 5.78
7122 5602 19156 1 1.04
7123 19155 5602 1 0.82
7124 5602 5612 1 12.47
7125 19055 19056 1 17.86
7126 5600 5614 1 6.35
7127 5614 5572 1 9.76
7128 4304 18617 1 18.61
7129 5615 5600 1 10.41
7130 19000 5524 1 17.0
7131 19000 5615 1 0.58
7136 5612 5609 1 12.49
7137 19056 5619 1 7.5
7138 5619 19053 1 12.0
7141 5623 5604 1 2.54
7142 5586 5623 1 7.23
7143 5624 5606 1 2.95
7145 5625 5557 1 8.21
7149 5590 19160 1 3.77
7152 5529 5630 1 38.7
7159 19069 5637 1 4.16
7160 5638 5639 1 6.32
7161 5640 22371 1 25.56
7166 5648 5649 1 8.07
7169 5653 5654 1 2.08
7170 5655 19087 1 4.29
7171 5657 22315 1 13.8
7172 22315 22316 1 1.97
7173 19087 22316 1 3.88
7174 22440 19072 1 14.86
7175 19168 5663 1 9.09
7176 18534 18533 1 24.48
7177 5666 19168 1 11.34
7180 19184 5671 1 3.99
7181 5672 19075 1 26.53
7182 5674 5675 1 1.22
7183 5676 5677 1 8.12
7185 19170 5675 1 2.78
7186 5681 19170 1 8.99
7187 5676 19077 1 0.63
7188 5681 19171 1 2.42
7189 22433 19020 1 18.43
7190 5686 19185 1 15.4
7191 19185 19184 1 29.51
7193 5675 19169 1 4.19
7194 18652 5692 1 14.08
7195 5693 18652 1 16.44
7197 5696 5697 1 14.77
7198 5696 19095 1 6.42
7199 5699 5700 1 18.31
7200 5699 18623 1 26.2
7201 5702 5699 1 3.18
7202 5703 19257 1 12.87
7204 5707 18624 1 5.7
7205 5709 5710 1 6.1
7206 19097 5712 1 0.73
7207 5713 19097 1 11.33
7208 5714 5715 1 21.65
7209 5715 5716 1 6.97
7210 19024 19025 1 25.76
7211 19025 19026 1 31.24
7213 5722 19094 1 13.43
7217 5730 5731 1 7.88
7219 19290 19108 1 76.28
7220 18668 5736 1 2.74
7221 19339 5738 1 17.97
7226 19291 19289 1 14.74
7227 19477 19469 1 13.98
7230 18569 18568 1 16.26
7240 5767 5768 1 47.25
7241 5769 5768 1 15.04
7242 5770 19241 1 7.12
7247 5775 5625 1 0.86
7248 19242 5770 1 0.44
7249 5593 5777 1 9.74
7250 5777 19212 1 8.55
7251 4311 5777 1 14.82
7254 5770 5780 1 1.93
7255 5555 5781 1 9.75
7259 19213 19207 1 16.21
7260 5784 5775 1 9.79
7273 5797 5630 1 4.16
7284 5804 5624 1 11.0
7287 5619 19061 1 6.34
7288 5583 18636 1 10.24
7289 18636 18638 1 49.47
7294 5777 5811 1 7.13
7295 5811 19213 1 3.79
7307 18631 5492 1 52.45
7309 5821 18638 1 39.68
7310 5821 18641 1 1.71
7311 5821 5797 1 10.74
7317 5827 5828 1 4.48
7318 5827 19235 1 10.05
7324 5833 5775 1 7.31
7325 19010 5834 1 23.12
7326 5572 5834 1 34.12
7327 5828 19220 1 23.75
7328 5834 5836 1 0.36
7330 19234 5828 1 3.66
7331 5811 5839 1 5.65
7332 19218 5839 1 15.56
7333 19011 19000 1 14.92
7334 19011 5614 1 12.16
7337 5845 5770 1 8.26
7341 5781 18998 1 7.19
7342 5849 19155 1 10.99
7343 19160 19161 1 13.92
7344 19161 5804 1 5.4
7346 5853 19011 1 1.06
7357 5862 19243 1 1.1
7359 5780 19387 1 12.03
7360 19014 5836 1 5.08
7362 5867 5821 1 8.23
7363 19139 5833 1 5.05
7368 5873 19161 1 10.76
7370 18642 5867 1 0.68
7375 22257 22262 1 14.2
7376 19244 5845 1 4.58
7377 19244 19243 1 7.4
7378 22257 5827 1 16.99
7380 5839 19215 1 6.32
7381 5861 5883 1 10.32
7382 5883 19387 1 5.19
7383 19243 22260 1 2.25
7386 19214 5777 1 18.4
7387 19387 19244 1 13.65
7391 5889 19243 1 3.75
7393 5891 5892 1 5.91
7395 5894 19387 1 3.74
7400 19220 19219 1 20.46
7409 5905 19139 1 4.06
7410 5905 5784 1 21.41
7411 5784 5891 1 31.32
7412 5906 5889 1 2.41
7413 5907 5873 1 8.09
7414 5908 5849 1 8.02
7415 5891 5602 1 27.28
7417 19388 5894 1 5.6
7420 5839 5912 1 11.46
7421 19219 5912 1 4.98
7422 5836 5913 1 20.08
7423 5913 19039 1 7.29
7437 5924 19055 1 28.7
7438 22124 19058 1 16.43
7446 5931 19388 1 11.57
7449 5934 5931 1 3.07
7459 19057 5924 1 4.85
7464 19219 19221 1 13.04
7465 22256 19237 1 10.42
7466 19001 18998 1 25.7
7467 19001 19011 1 23.11
7468 5949 5907 1 9.87
7470 22124 5924 1 6.31
7471 5913 5951 1 12.39
7472 5951 19037 1 35.28
7473 19216 5606 1 34.83
7474 5953 5934 1 4.8
7476 5955 15455 1 12.43
7477 5955 5905 1 19.07
7482 5958 5953 1 1.95
7483 19396 5958 1 0.38
7487 5962 19041 1 3.28
7488 5964 5908 1 8.27
7494 5968 5853 1 21.39
7495 5968 19012 1 6.9
7496 5962 5951 1 2.76
7497 19044 5962 1 16.09
7499 5972 5906 1 11.66
7501 19217 19216 1 3.74
7502 5972 19246 1 4.51
7504 5977 5962 1 1.92
7505 19163 19217 1 10.6
7506 5977 5979 1 7.87
7507 5980 18642 1 37.51
7508 19389 5972 1 3.89
7511 19236 19221 1 11.39
7517 5905 5987 1 15.07
7519 19046 19057 1 22.92
7520 5990 19014 1 22.7
7521 5987 19140 1 1.26
7522 5992 5964 1 7.03
7523 5992 5949 1 15.08
7524 19015 5990 1 0.38
7525 5979 5994 1 3.42
7535 5994 6004 1 6.0
7547 5994 6013 1 1.95
7548 19157 5992 1 2.36
7552 5958 5648 1 13.72
7553 19046 6016 1 3.39
7554 6017 6016 1 2.45
7555 6004 6017 1 20.21
7557 19065 19064 1 15.11
7564 19238 22256 1 19.11
7565 6025 19236 1 6.56
7566 19065 19068 1 5.73
7567 5958 19391 1 13.37
7568 19163 6028 1 9.01
7586 6040 19389 1 9.52
7589 19068 19069 1 8.35
7591 19013 5968 1 10.33
7592 19013 19015 1 26.82
7594 22363 18520 1 4.07
7595 22363 22360 1 21.99
7597 5987 5653 1 10.5
7598 5638 18519 1 35.03
7599 18520 5638 1 11.14
7602 6047 19001 1 33.0
7603 5912 6048 1 26.57
7605 6028 6050 1 8.73
7606 6051 5980 1 18.85
7607 6051 18999 1 1.0
7608 6047 6051 1 2.77
7611 6055 5955 1 19.86
7612 19059 6016 1 17.44
7613 19059 6057 1 13.75
7615 18643 5980 1 19.17
7616 6013 6060 1 12.58
7619 6062 6025 1 9.88
7620 6063 19013 1 6.81
7621 22445 22446 1 3.3
7622 22446 19065 1 7.4
7625 5654 6066 1 2.09
7626 6013 6067 1 11.12
7627 19042 6069 1 0.48
7628 6067 19042 1 0.16
7631 6072 19157 1 11.99
7632 19141 6066 1 0.64
7635 6076 5977 1 17.6
7636 6069 6077 1 4.84
7637 6077 6076 1 7.57
7639 6055 6079 1 3.1
7640 6079 6080 1 6.1
7643 6083 6040 1 10.38
7644 6066 19142 1 4.98
7646 22447 19067 1 1.19
7647 6087 6062 1 4.0
7648 6086 6088 1 5.02
7649 19159 6072 1 2.83
7650 19059 19060 1 11.19
7651 22445 19060 1 15.99
7652 6088 19060 1 9.2
7653 6091 22447 1 6.99
7654 6092 6091 1 11.51
7655 6060 19045 1 7.01
7656 6072 19158 1 8.6
7658 6083 6095 1 3.53
7659 6096 6092 1 1.09
7660 5637 6096 1 6.81
7665 19040 6076 1 14.41
7666 6102 6096 1 1.22
7667 6102 6055 1 7.92
7670 19158 6104 1 1.79
7671 6047 6105 1 21.39
7674 19217 6108 1 22.71
7675 6048 6108 1 24.31
7677 6079 21874 1 3.6
7678 6111 5638 1 13.03
7679 6111 22363 1 12.29
7680 19016 19040 1 10.09
7684 19060 6116 1 7.78
7685 6072 19162 1 26.52
7686 19162 6050 1 12.78
7687 6048 19252 1 13.85
7689 6119 19016 1 13.15
7690 6120 6063 1 7.17
7692 6121 22376 1 5.91
7694 6121 22378 1 5.51
7695 5990 6123 1 18.84
7696 6123 6119 1 1.68
7697 6124 6102 1 2.35
7699 6125 19141 1 7.05
7700 6066 6080 1 17.39
7701 18645 5867 1 67.76
7702 6034 6127 1 16.01
7704 6102 22137 1 2.63
7705 6079 19164 1 6.82
7706 6129 6034 1 15.4
7707 6129 18598 1 15.36
7708 6127 18535 1 1.35
7709 6132 5640 1 15.2
7710 6127 6132 1 4.85
7712 18533 22358 1 3.39
7715 6121 22377 1 9.98
7716 6123 6136 1 4.64
7720 19086 6091 1 7.14
7725 6108 6143 1 13.09
7726 5639 18505 1 32.64
7727 6144 6125 1 6.25
7729 19045 6146 1 6.21
7730 6095 6147 1 7.23
7731 19167 6144 1 0.68
7732 6104 6149 1 18.56
7733 6150 6124 1 5.48
7734 6151 19159 1 13.0
7735 6152 6124 1 7.66
7736 6149 19172 1 1.81
7737 6116 6186 1 17.77
7738 6154 6016 1 22.95
7739 6154 6146 1 10.46
7740 6146 6155 1 17.9
7741 22440 6076 1 12.74
7742 6155 22440 1 5.57
7743 6116 19081 1 7.12
7744 6147 6157 1 1.53
7745 6157 19392 1 10.28
7746 5673 6154 1 1.12
7747 5659 19086 1 4.86
7748 5659 6152 1 0.85
7749 6159 6150 1 2.7
7750 6159 19164 1 4.57
7751 6160 19172 1 1.01
7753 6163 19272 1 3.08
7754 19273 6163 1 8.41
7755 6166 19179 1 5.64
7756 19082 6169 1 1.55
7757 6088 19082 1 22.07
7760 22367 18619 1 3.3
7761 18650 18643 1 37.89
7763 19017 22437 1 5.09
7766 6070 6180 1 14.54
7767 6180 18636 1 88.71
7768 6150 5659 1 8.49
7769 19167 6181 1 10.63
7770 19172 19167 1 24.92
7771 6143 19247 1 8.52
7772 19247 6108 1 9.92
7773 6183 6159 1 3.2
7774 6183 19164 1 6.63
7775 18645 6184 1 11.81
7776 22422 6180 1 8.86
7777 6186 22444 1 8.08
7778 19162 6187 1 10.02
7781 6143 6187 1 11.15
7782 6189 6120 1 9.8
7783 6189 6136 1 10.89
7784 19075 5673 1 3.92
7785 6191 6183 1 4.06
7786 6181 6191 1 1.85
7787 6119 6192 1 8.86
7788 22422 18621 1 1.13
7790 6195 19086 1 8.83
7793 19027 6189 1 1.69
7794 18615 18621 1 19.62
7795 19247 19248 1 20.63
7796 6199 19081 1 7.14
7799 22443 22444 1 3.97
7800 6187 6202 1 8.03
7801 6203 6204 1 5.05
7802 6202 6203 1 0.66
7803 6205 6206 1 1.06
7805 6206 6199 1 4.72
7806 19265 6087 1 15.21
7809 6201 6211 1 3.0
7810 6211 6205 1 1.47
7811 6212 6151 1 9.62
7812 6203 6212 1 23.88
7813 6202 6213 1 2.78
7816 19183 6213 1 7.24
7817 19183 6187 1 6.24
7820 6212 19180 1 0.62
7821 6213 19182 1 2.38
7824 6192 6220 1 3.9
7825 5663 6183 1 5.61
7826 19264 19265 1 10.06
7827 6222 6159 1 7.72
7828 18504 18505 1 45.0
7830 6180 6224 1 15.36
7832 6157 6225 1 13.66
7834 6227 19252 1 14.07
7836 19409 6230 1 5.19
7837 6225 19409 1 0.67
7838 5649 19412 1 24.84
7839 6105 6232 1 20.42
7840 5666 6222 1 2.89
7841 6233 6129 1 20.84
7842 6234 6160 1 12.18
7843 19265 22168 1 22.24
7844 22168 19271 1 10.26
7845 6236 22168 1 0.54
7847 6237 19027 1 6.02
7848 6222 5655 1 11.18
7849 6234 6191 1 29.26
7850 22440 19070 1 7.64
7851 6238 6220 1 4.67
7852 6232 19020 1 2.02
7853 19158 6166 1 20.69
7854 6212 6166 1 11.54
7855 6238 6237 1 14.36
7858 19272 22168 1 1.72
7859 6121 22374 1 19.65
7860 22374 6240 1 2.29
7861 6195 5657 1 13.83
7862 19412 6241 1 2.73
7863 5671 19183 1 9.94
7865 5671 19247 1 14.71
7866 22367 6233 1 4.04
7867 6240 22367 1 3.04
7868 6240 22375 1 24.27
7869 6237 22434 1 17.15
7870 22459 22357 1 28.04
7871 5666 6243 1 6.35
7872 19020 6178 1 19.4
7873 6238 19029 1 4.89
7874 19082 5657 1 8.96
7876 5672 19074 1 2.18
7877 6247 22437 1 23.13
7880 6250 22443 1 14.06
7881 22252 6163 1 3.05
7882 6230 6252 1 16.81
7883 6169 6253 1 33.45
7886 6254 18503 1 0.65
7887 18504 6254 1 47.32
7888 19072 6256 1 5.34
7889 19072 6257 1 6.9
7890 6257 5672 1 6.51
7891 6111 6258 1 24.78
7892 19179 6234 1 29.83
7893 6259 19184 1 5.04
7894 19040 19070 1 16.17
7895 6261 19273 1 21.37
7896 6253 6262 1 2.59
7897 19080 6250 1 2.31
7898 6262 19080 1 2.19
7901 19180 5686 1 14.54
7902 19249 19248 1 15.2
7903 19179 5686 1 18.12
7904 6241 6266 1 8.68
7905 6267 22459 1 17.84
7906 17500 6254 1 27.76
7907 6178 6247 1 23.26
7908 19029 6269 1 4.06
7909 6243 19165 1 4.8
7910 19168 6271 1 9.06
7911 17500 17501 1 1.14
7913 6274 6275 1 1.8
7914 6275 6184 1 18.49
7915 6276 6256 1 5.45
7917 6277 6261 1 12.39
7918 6252 6277 1 6.66
7919 6224 6274 1 38.83
7920 6243 19166 1 7.1
7921 19411 19409 1 17.18
7922 19073 6257 1 6.38
7923 19073 6276 1 4.17
7927 6283 22420 1 12.56
7928 18534 22421 1 11.97
7929 22374 6173 1 3.85
7937 6234 19174 1 13.75
7940 5677 19080 1 7.08
7941 6292 18651 1 3.8
7942 6294 19411 1 27.12
7943 6266 6294 1 9.91
7951 6301 6227 1 17.16
7953 17500 6298 1 61.72
7954 19166 5681 1 4.89
7955 6247 6303 1 12.49
7956 19251 19249 1 7.21
7957 6303 6292 1 11.04
7959 19165 5674 1 7.01
7961 6307 18621 1 27.37
7962 6307 22451 1 12.17
7963 6308 6294 1 9.51
7965 6271 6309 1 10.05
7966 6310 6259 1 13.31
7967 6311 6254 1 22.97
7968 19411 19413 1 11.67
7969 6313 6307 1 18.96
7971 6258 22364 1 6.9
7972 6283 6315 1 13.27
7973 19267 19268 1 8.84
7974 19250 6259 1 38.97
7975 19250 19251 1 4.85
7979 6275 6321 1 13.15
7980 18644 6321 1 0.93
7982 6324 18650 1 24.07
7983 19171 6325 1 5.64
7985 6327 6308 1 8.43
7986 19253 6301 1 7.96
7988 6292 6293 1 6.18
7990 6269 6330 1 16.92
7992 6332 22450 1 36.57
7993 6321 6332 1 5.86
7994 6325 6333 1 3.08
7995 19185 6334 1 10.14
7996 6335 19073 1 16.2
7997 19090 22311 1 6.68
7998 6333 6337 1 1.71
7999 6321 6338 1 6.59
8004 6343 6344 1 5.2
8005 6338 6332 1 9.76
8006 6345 5676 1 10.55
8007 6345 6343 1 2.77
8008 22431 22433 1 17.32
8012 22425 6338 1 46.9
8013 6348 6254 1 26.8
8015 6349 18505 1 43.56
8016 6258 6349 1 64.42
8017 6349 18506 1 5.78
8020 6353 6354 1 0.67
8021 19084 19083 1 3.44
8023 6348 17502 1 1.26
8025 6359 6307 1 18.02
8026 19084 6354 1 6.52
8027 6360 22431 1 15.21
8028 22433 6360 1 11.41
8030 19021 22432 1 4.27
8031 6345 6363 1 3.53
8036 19254 19250 1 19.16
8037 19253 19254 1 7.48
8039 6368 18506 1 9.34
8040 6363 19078 1 0.55
8041 6309 19175 1 11.88
8044 6373 19084 1 4.53
8046 6368 6311 1 51.9
8047 6375 19073 1 43.62
8048 6344 6373 1 14.56
8050 6377 6310 1 12.2
8059 22456 18534 1 37.07
8060 22457 22370 1 55.95
8061 6353 19085 1 4.74
8062 6384 22306 1 9.84
8063 6363 6385 1 4.11
8064 19421 6327 1 18.9
8066 6353 6384 1 15.23
8069 19090 19091 1 13.49
8070 6389 6384 1 1.87
8072 6391 6399 1 5.36
8073 19255 19254 1 12.56
8074 19255 6393 1 0.85
8078 22425 22427 1 12.18
8080 22427 18649 1 1.31
8081 19091 6391 1 5.59
8082 6384 6399 1 4.85
8083 6400 19255 1 1.72
8084 6399 19088 1 0.55
8085 6360 19028 1 8.86
8086 18649 6403 1 6.55
8087 6330 6404 1 13.56
8088 6405 6335 1 15.83
8089 19076 6405 1 0.63
8090 6385 19076 1 6.74
8091 6334 19191 1 15.09
8092 19191 6377 1 10.02
8094 19255 6409 1 3.03
8095 6410 22247 1 11.59
8096 19255 22230 1 17.9
8098 6412 6315 1 17.89
8099 19022 22432 1 13.05
8100 6414 6415 1 11.7
8101 6403 6414 1 9.32
8102 6416 22427 1 4.99
8103 5700 6173 1 47.51
8104 5700 6359 1 16.39
8105 6337 6417 1 20.01
8106 6417 6418 1 1.54
8108 6420 22370 1 19.72
8114 6415 6425 1 18.5
8115 6303 15520 1 1.77
8121 6418 6430 1 8.22
8122 22429 19022 1 11.77
8123 6432 6313 1 24.03
8124 6432 6332 1 39.45
8127 6435 19028 1 11.92
8128 6409 19259 1 9.72
8129 6425 6437 1 7.03
8130 6432 6438 1 4.09
8131 6368 6439 1 21.22
8134 6438 18627 1 6.53
8135 6442 19076 1 20.75
8136 6443 22429 1 10.02
8137 6404 19033 1 15.64
8138 6430 6445 1 19.39
8142 6448 6443 1 7.85
8144 19033 6450 1 1.43
8145 6450 6375 1 13.99
8146 22225 19282 1 8.02
8147 19023 6437 1 10.47
8148 6448 19023 1 5.58
8149 6445 6453 1 2.25
8150 19279 6400 1 24.22
8153 5697 6389 1 23.48
8155 6458 6435 1 9.32
8160 18506 22413 1 69.11
8161 18532 22412 1 8.74
8163 19096 19088 1 27.89
8164 6463 6416 1 27.22
8165 19176 6417 1 23.03
8166 19093 19092 1 1.02
8167 19421 19424 1 35.71
8168 19424 6467 1 11.05
8170 6469 19093 1 2.86
8173 6450 6471 1 14.56
8174 6472 6439 1 18.57
8176 6474 6438 1 21.5
8177 19030 6458 1 3.4
8178 22225 19285 1 10.46
8184 6481 6442 1 15.35
8187 6483 6348 1 62.26
8188 6484 6463 1 4.43
8189 6453 6485 1 12.92
8190 6437 5692 1 11.19
8194 18623 6474 1 8.55
8201 19283 6451 1 4.33
8203 19177 19096 1 13.08
8204 18624 6474 1 7.31
8205 6495 6484 1 3.91
8209 19259 6498 1 16.97
8210 19177 19176 1 11.7
8214 19258 5703 1 0.4
8215 6498 19258 1 0.36
8217 6485 5710 1 4.99
8218 5710 6502 1 6.66
8219 19285 6503 1 39.19
8220 6503 19410 1 23.01
8221 6471 19079 1 15.08
8222 19079 6481 1 4.46
8223 19260 19279 1 14.11
8225 6502 19187 1 11.07
8226 6448 19024 1 15.07
8227 19191 19192 1 30.57
8228 19192 19193 1 4.82
8229 19187 6510 1 0.41
8230 6472 18507 1 12.02
8231 6512 19030 1 10.96
8232 6510 19188 1 0.7
8234 19079 6515 1 2.1
8239 6519 6338 1 50.57
8240 6519 6495 1 5.65
8241 6520 19426 1 10.65
8243 18626 5715 1 3.97
8244 18654 19025 1 22.08
8251 6520 19427 1 6.06
8252 18653 6536 1 18.54
8253 6537 6538 1 0.57
8255 18532 6540 1 71.31
8256 6540 6541 1 8.94
8257 6538 19190 1 0.32
8265 6552 6553 1 23.8
8267 6555 6556 1 11.23
8268 5731 18508 1 11.33
8269 18508 6439 1 51.67
8270 18508 22413 1 69.99
8271 19287 19286 1 34.49
8272 6555 6537 1 15.93
8273 19417 19415 1 14.44
8274 6561 18508 1 1.55
8275 19287 19417 1 9.45
8276 18507 6562 1 39.51
8278 6503 19416 1 18.69
8279 6565 19079 1 33.51
8280 6566 5707 1 0.68
8281 19178 6453 1 20.27
8282 6568 6450 1 23.8
8285 19177 6571 1 9.32
8286 19031 6512 1 7.73
8287 19031 6568 1 5.58
8288 19031 6573 1 0.94
8289 6574 6515 1 15.61
8290 19283 19284 1 9.13
8291 6576 6469 1 19.77
8292 19280 19279 1 25.95
8293 6578 19031 1 1.65
8296 6579 22457 1 39.97
8297 6580 5693 1 21.84
8298 5702 6581 1 5.36
8299 5699 6581 1 4.43
8304 6568 6584 1 14.36
8306 6553 6565 1 10.24
8307 6553 6576 1 9.9
8309 18507 6587 1 10.12
8310 19416 19418 1 7.67
8311 6589 6574 1 7.21
8312 6584 6589 1 8.0
8313 6467 6590 1 18.93
8315 6519 6592 1 9.09
8317 19188 6593 1 9.71
8318 6594 5696 1 7.14
8319 6587 6595 1 1.66
8320 6581 18622 1 11.08
8321 19424 19418 1 41.26
8322 19094 6594 1 0.91
8323 5716 6566 1 11.91
8327 6598 19414 1 5.07
8331 18622 5714 1 3.04
8332 19094 6600 1 6.72
8333 19026 19031 1 32.22
8334 6601 5709 1 8.22
8335 6602 6580 1 5.85
8336 6603 6594 1 5.11
8340 6519 18647 1 17.07
8341 18647 6602 1 7.64
8342 22380 5702 1 21.56
8343 6608 6578 1 10.56
8344 19192 19194 1 16.54
8347 6611 5692 1 19.92
8348 6593 6612 1 15.04
8349 6613 6608 1 1.67
8350 6614 6603 1 6.85
8351 6612 19194 1 7.35
8352 19258 19262 1 18.37
8353 19262 19260 1 17.42
8354 6595 6616 1 9.0
8357 19415 6598 1 6.35
8360 6536 6611 1 5.18
8361 6619 6613 1 1.65
8363 6592 6621 1 8.13
8364 6621 18647 1 15.04
8365 6622 19079 1 19.51
8366 6623 19256 1 0.8
8367 6571 5713 1 13.16
8368 19257 19261 1 21.34
8369 6626 6601 1 8.3
8374 5724 6483 1 38.53
8375 6630 19192 1 20.65
8376 6630 6623 1 10.96
8377 6631 5724 1 9.46
8378 6631 6348 1 56.49
8379 6631 6472 1 89.02
8380 19189 6626 1 2.21
8382 6611 18654 1 6.32
8383 6616 5730 1 6.1
8386 6636 6619 1 3.74
8393 6556 19189 1 2.58
8396 6590 6520 1 13.06
8397 6541 6579 1 21.01
8399 6541 6641 1 10.43
8400 6641 6420 1 52.4
8405 5712 6614 1 19.68
8408 18508 6562 1 40.03
8410 5715 6645 1 13.29
8411 6646 22380 1 36.59
8415 18646 18627 1 65.41
8416 18646 6621 1 27.52
8417 6578 6650 1 36.98
8419 6651 18626 1 10.51
8420 6651 6652 1 3.16
8421 6653 19280 1 38.94
8422 19262 6654 1 20.71
8423 6655 22355 1 3.3
8424 6646 6655 1 4.02
8425 6656 5722 1 10.42
8426 6652 6645 1 17.82
8427 6657 6646 1 2.79
8428 19032 6636 1 14.21
8429 6659 6540 1 6.15
8435 6645 22381 1 34.81
8436 6664 6655 1 1.19
8437 19195 6630 1 21.04
8438 6666 19195 1 0.49
8439 19190 6666 1 22.19
8442 18646 6651 1 49.28
8443 18625 6645 1 5.21
8444 18537 6659 1 8.49
8445 6540 22352 1 5.33
8446 22352 6541 1 4.04
8447 18537 22353 1 1.85
8448 19335 19287 1 9.1
8449 6672 18532 1 50.05
8450 6672 6561 1 42.7
8451 6673 6631 1 37.41
8452 6562 6673 1 32.34
8453 6674 6622 1 21.83
8454 6675 18646 1 10.0
8455 6676 18653 1 21.13
8456 6663 6657 1 26.95
8457 6659 6677 1 27.49
8458 18571 6672 1 20.76
8460 6680 6656 1 5.62
8461 6681 18537 1 3.26
8463 6657 6681 1 13.36
8465 6681 6659 1 11.44
8466 18673 18647 1 30.17
8467 6685 6555 1 11.29
8468 6677 18571 1 32.29
8469 22221 6653 1 8.73
8470 22221 19335 1 4.19
8472 6688 6674 1 3.88
8473 6673 18538 1 4.21
8474 6690 19335 1 12.71
8475 18648 18647 1 35.86
8477 6693 6675 1 12.04
8478 6693 18673 1 2.62
8480 19318 19330 1 4.45
8481 6697 6688 1 1.48
8482 6698 6680 1 4.74
8483 6654 19316 1 11.2
8484 19418 22223 1 46.47
8485 22218 6690 1 8.3
8486 18676 18653 1 25.4
8487 6702 6685 1 4.19
8488 22223 22218 1 15.71
8489 6703 18625 1 9.22
8490 6703 6652 1 18.94
8493 19288 6702 1 2.07
8494 19195 19313 1 20.73
8495 19313 19316 1 42.94
8496 19316 19317 1 7.9
8497 19317 19318 1 20.05
8498 6709 19032 1 16.48
8501 19100 6709 1 0.39
8504 19480 6714 1 1.1
8506 6716 6697 1 6.25
8507 6717 22220 1 5.36
8513 6721 6552 1 29.44
8514 6722 6693 1 17.25
8515 6722 18648 1 11.18
8518 6724 6698 1 9.19
8519 19104 6716 1 1.84
8520 19104 22304 1 3.65
8522 6727 6703 1 18.91
8524 19107 6729 1 0.77
8525 6729 21888 1 2.93
8526 19107 21888 1 3.34
8527 19107 6724 1 0.31
8534 6736 6675 1 14.8
8535 6737 6663 1 25.16
8536 6727 18664 1 1.97
8537 6721 6729 1 44.05
8538 6702 19293 1 9.32
8539 22223 19466 1 26.4
8540 18664 6741 1 1.4
8543 6703 18665 1 10.43
8544 19466 19480 1 67.45
8547 6746 6736 1 6.25
8548 19331 22220 1 40.6
8549 19330 19331 1 28.91
8550 19108 19107 1 10.37
8555 6750 6751 1 2.45
8556 19098 6676 1 48.41
8557 5753 18567 1 7.73
8558 5753 6672 1 23.66
8559 6754 19331 1 0.94
8569 6759 6722 1 11.4
8574 18540 6764 1 39.92
8575 19480 6765 1 18.11
8577 6764 18544 1 1.64
8578 18544 6561 1 32.46
8579 18544 18567 1 39.44
8582 6770 6717 1 12.5
8583 6771 6754 1 5.31
8584 19313 19296 1 21.09
8586 6774 6681 1 26.6
8587 6774 6737 1 9.27
8589 19475 19466 1 13.98
8590 18656 6727 1 28.32
8591 19475 19474 1 1.3
8595 18655 6774 1 4.8
8596 6783 19100 1 17.47
8598 18665 6785 1 12.87
8599 6785 6751 1 26.69
8600 6786 6759 1 12.7
8601 6786 18676 1 24.81
8602 6787 19288 1 21.12
8603 6729 6788 1 14.26
8604 19332 6771 1 6.25
8606 18677 6786 1 1.56
8609 19108 6793 1 11.38
8610 6746 6794 1 16.99
8611 18540 6795 1 8.75
8612 6796 6783 1 6.18
8616 18665 6797 1 15.22
8617 6798 22304 1 16.86
8618 6799 6787 1 3.37
8619 6799 19294 1 0.56
8620 6801 22390 1 10.27
8621 6801 18656 1 18.96
8622 19294 19296 1 34.15
8624 6677 18574 1 32.5
8625 6804 6911 1 19.03
8626 19101 6796 1 5.19
8627 6741 6806 1 16.06
8628 6797 6806 1 10.77
8629 6765 19482 1 15.63
8635 6812 19332 1 6.7
8636 19465 6770 1 14.08
8639 6793 6815 1 5.88
8640 19474 19478 1 21.51
8642 6818 6819 1 14.58
8643 19478 6820 1 0.77
8644 6820 19482 1 11.15
8648 6823 18655 1 12.6
8649 6824 6818 1 1.74
8652 6785 6825 1 10.36
8653 6819 6826 1 8.82
8654 6826 6812 1 8.95
8655 19105 6788 1 22.41
8656 6818 19320 1 1.78
8659 6831 6804 1 16.45
8660 18655 6831 1 27.89
8661 6832 6833 1 4.65
8662 6833 19315 1 1.87
8663 19315 19313 1 41.01
8667 6836 6750 1 20.84
8668 19319 6824 1 6.55
8669 19315 19319 1 14.91
8670 6838 6746 1 29.76
8675 6794 6842 1 16.61
8676 19289 6799 1 23.71
8677 6843 6838 1 11.67
8680 19336 6770 1 26.52
8681 5738 19336 1 1.03
8689 18545 18544 1 22.55
8690 6806 18666 1 14.94
8692 22387 6854 1 17.88
8699 6859 6836 1 5.48
8701 6815 6861 1 13.21
8702 6825 18667 1 8.08
8703 6831 6863 1 13.4
8704 6820 19477 1 21.16
8705 18668 18667 1 23.89
8706 18668 6859 1 0.97
8707 18668 6838 1 5.91
8711 6861 6866 1 4.17
8712 6866 19110 1 5.42
8713 6812 19333 1 14.37
8715 19298 19296 1 26.49
8716 19294 19295 1 18.06
8717 6871 19101 1 19.28
8718 6872 6843 1 17.82
8719 6842 6872 1 16.55
8721 19333 19339 1 6.29
8722 18569 6874 1 12.46
8727 19098 6786 1 55.75
8729 19320 6879 1 13.32
8735 6874 18574 1 46.39
8736 19314 6832 1 18.19
8737 6883 22389 1 7.78
8740 6788 6885 1 24.26
8741 6886 18569 1 2.66
8742 6887 19290 1 8.39
8743 6887 19291 1 4.59
8745 18678 18677 1 29.98
8751 6894 6895 1 22.77
8754 6894 6871 1 25.2
8759 6885 19109 1 4.83
8761 19110 6902 1 11.48
8762 6903 6885 1 6.92
8763 19109 6903 1 1.91
8767 19295 19297 1 18.54
8768 6879 19321 1 7.87
8769 19321 19336 1 58.37
8771 19315 6909 1 29.14
8772 6909 19321 1 2.22
8773 19469 19467 1 15.4
8775 6854 6911 1 13.0
8777 6913 6823 1 24.95
8778 6903 6914 1 11.13
8779 6915 19314 1 9.09
8780 5736 6916 1 37.56
8781 6759 6916 1 67.06
8782 5736 6917 1 15.52
8783 19098 6918 1 12.59
8789 6902 19113 1 5.58
8792 6914 6926 1 4.14
8793 6863 6927 1 21.56
8794 18678 6928 1 22.07
8796 19113 6930 1 5.37
8797 6928 6918 1 12.25
8798 6917 6931 1 5.03
8799 6909 6932 1 6.16
8800 19321 6932 1 6.12
8804 6926 6936 1 26.54
8805 19301 19298 1 24.15
8808 6939 19113 1 10.93
8809 6885 19112 1 28.09
8810 19112 6939 1 0.92
8811 6941 19465 1 38.05
8812 19467 6941 1 19.82
8814 6942 18678 1 21.29
8815 6916 6943 1 10.11
8816 6944 6945 1 12.5
8818 6947 6936 1 9.84
8822 6945 6950 1 9.89
8824 6930 6953 1 8.81
8825 6953 6944 1 3.71
8826 19297 19301 1 21.46
8827 6932 6954 1 16.97
8830 6956 19098 1 27.77
8831 19099 6956 1 10.19
8832 6958 6947 1 9.25
8833 6954 19325 1 1.33
8834 6960 6887 1 17.08
8837 6950 6960 1 10.73
8838 6962 6915 1 9.85
8840 22302 6894 1 25.22
8841 22302 6958 1 18.61
8847 6960 19292 1 8.85
8848 19323 6962 1 3.08
8849 6954 19323 1 20.84
8852 19323 19301 1 22.63
8855 6931 6973 1 11.88
8857 6942 6975 1 10.69
8858 19106 6903 1 20.44
8860 19337 6932 1 27.32
8862 6943 6980 1 13.81
8864 6982 21994 1 1.08
8869 6980 18674 1 1.62
8871 6942 18674 1 35.04
8912 7014 19323 1 16.22
8925 6975 7024 1 17.28
8934 19472 19484 1 17.53
8939 19484 7036 1 17.2
8945 19292 19299 1 43.17
8947 7042 19470 1 23.93
8948 19485 7036 1 1.85
8953 7042 19471 1 2.93
8959 19300 19299 1 7.34
8960 7053 19302 1 11.92
8963 7056 6973 1 27.23
8968 7053 19300 1 9.37
8973 19327 7062 1 22.74
8974 19337 7062 1 26.11
8976 7062 19338 1 2.49
8978 18675 18674 1 27.94
8979 7066 7053 1 4.42
8980 7067 6956 1 46.42
8981 7067 19102 1 51.74
8982 19338 7068 1 2.31
8992 7075 7066 1 7.12
8993 19303 7075 1 1.54
8998 7082 18675 1 7.89
9002 7068 7085 1 14.64
9012 7084 7092 1 1.26
9015 7095 7067 1 8.84
9024 7103 22300 1 22.87
9025 5767 19485 1 17.9
9028 7105 5767 1 9.01
9029 7106 7105 1 6.39
9031 7024 18679 1 24.53
9032 7109 19303 1 25.98
9038 7078 7056 1 15.87
9039 18675 7078 1 23.56
9046 7119 7109 1 13.98
9048 7119 19324 1 2.75
9049 7014 19324 1 31.93
9052 2761 19337 1 59.13
9053 7085 7123 1 19.84
9055 19340 7123 1 1.25
9056 19340 7126 1 0.7
9059 19341 7126 1 10.84
9063 7131 19341 1 14.13
9064 7092 5769 1 10.63
9066 7133 7131 1 4.69
9068 22216 22214 1 0.54
9069 22215 7103 1 6.25
9073 7138 19508 1 1.16
9076 7139 7133 1 1.15
9079 7142 7139 1 2.2
9087 7138 7140 1 9.2
9088 22214 22295 1 13.94
9092 7139 19486 1 1.55
9096 7148 7142 1 9.39
9106 7161 7062 1 29.2
9107 19473 7106 1 35.74
9108 2761 19328 1 25.56
9112 7165 7082 1 17.46
9114 7140 19515 1 5.53
9120 7078 18680 1 14.21
9129 7175 6885 1 82.51
9130 7175 19120 1 4.12
9131 7067 21981 1 79.46
9152 19486 19487 1 10.62
9161 7138 5768 1 49.77
9164 7199 7165 1 9.68
9167 19510 5768 1 2.28
9174 19343 7161 1 19.21
9175 19328 19343 1 20.06
9177 18680 7207 1 12.73
9178 7208 22216 1 18.4
9180 19299 7210 1 49.85
9182 18679 7212 1 31.62
9183 21981 18682 1 1.96
9185 7210 7214 1 1.57
9191 7219 7208 1 13.54
9192 7210 7220 1 15.44
9193 7221 21981 1 18.26
9197 19343 7224 1 13.34
9199 7221 7226 1 5.06
9203 7220 7230 1 14.28
9204 19350 7224 1 32.73
9205 7226 7232 1 19.68
9208 7234 19350 1 10.28
9209 19117 19106 1 87.84
9217 7239 7199 1 16.74
9226 7245 7095 1 58.59
9227 7230 7246 1 7.4
9228 7214 19310 1 31.57
9229 19310 7119 1 41.26
9230 7138 7248 1 36.37
9232 7207 7250 1 20.33
9235 7248 7252 1 0.75
9237 7254 7221 1 12.28
9256 7269 7234 1 31.72
9258 7269 7271 1 2.73
9260 7273 7239 1 13.81
9261 7273 7212 1 31.13
9262 19488 7271 1 3.27
9263 7232 7275 1 13.76
9266 7276 19343 1 26.56
9268 7278 7219 1 23.46
9275 7284 7276 1 4.45
9277 7286 19494 1 1.2
9278 7288 7212 1 27.28
9281 19493 7278 1 7.38
9282 7292 7245 1 26.84
9285 7294 19488 1 10.58
9288 7296 19493 1 4.52
9289 7297 7296 1 3.58
9290 19494 7297 1 15.0
9296 7302 7254 1 13.98
9297 7246 7303 1 17.83
9298 7303 19304 1 0.28
9300 7305 7245 1 35.71
9305 7250 7309 1 15.96
9307 7286 7311 1 4.59
9310 19487 7314 1 37.96
9311 19489 7314 1 3.41
9318 7275 7320 1 12.87
9319 7271 7321 1 19.99
9320 7314 7321 1 5.33
9325 7325 7292 1 23.33
9326 19117 7325 1 36.5
9329 7327 7294 1 9.03
9330 7325 19116 1 3.99
9333 19342 7284 1 13.91
9340 7335 7309 1 23.57
9341 7335 7273 1 27.53
9348 19121 7342 1 8.29
9352 19490 22210 1 8.23
9355 7347 7175 1 58.52
9358 7350 7292 1 16.68
9359 19344 19342 1 7.74
9366 7214 7359 1 54.29
9370 7342 19305 1 25.87
9371 19305 7347 1 2.76
9374 7309 7363 1 13.92
9380 7368 7288 1 19.93
9381 19513 7248 1 32.0
9382 7370 7327 1 10.88
9388 7311 7374 1 19.86
9389 7375 19513 1 3.01
9390 19122 19121 1 26.75
9391 7377 7335 1 9.92
9392 7363 7378 1 7.26
9395 7374 19496 1 2.08
9400 7359 7384 1 15.6
9401 19344 7384 1 17.77
9402 7385 7377 1 7.01
9403 7378 18681 1 6.83
9404 7385 18681 1 2.21
9405 7387 7370 1 5.01
9406 19342 19346 1 19.88
9410 7394 7395 1 7.85
9413 7400 19354 1 15.98
9414 7402 7403 1 31.12
9415 19309 7405 1 36.94
9418 7394 19354 1 30.03
9433 7433 7434 1 10.23
9445 7454 7455 1 18.35
9449 7462 7463 1 18.78
9450 20413 19827 1 66.79
9454 19826 19823 1 22.2
9492 7532 7533 1 12.21
9493 19122 7534 1 3.02
9497 7305 7533 1 50.76
9498 7538 7325 1 19.75
9499 7321 19491 1 21.43
9506 19491 22208 1 22.54
9509 7377 7544 1 12.85
9510 7544 7368 1 28.57
9512 7546 7538 1 5.68
9513 7547 7532 1 9.0
9524 19306 7347 1 22.03
9525 7534 7538 1 47.17
9526 7303 19306 1 43.8
9527 18681 7557 1 11.53
9528 7558 7375 1 19.41
9531 7561 7387 1 13.46
9541 7567 19306 1 5.12
9544 19346 19347 1 16.0
9545 19496 7570 1 16.63
9546 7571 7558 1 3.94
9548 19497 7570 1 0.87
9549 7574 19343 1 78.06
9550 19492 22209 1 9.48
9551 19511 7571 1 1.06
9553 7578 7571 1 2.32
9560 7582 7384 1 20.63
9561 7583 7302 1 39.57
9562 7583 7547 1 13.63
9563 19512 7578 1 4.67
9568 19514 19512 1 9.11
9569 7544 7589 1 18.74
9570 7590 7570 1 6.5
9577 7595 7546 1 12.73
9587 18681 7602 1 26.8
9593 7606 7582 1 6.49
9604 19103 7583 1 7.13
9607 7606 19345 1 4.54
9610 7616 19497 1 19.32
9611 7616 19511 1 15.48
9612 7617 7590 1 7.58
9619 19353 7624 1 11.24
9623 7628 7534 1 37.97
9624 7628 19124 1 17.55
9636 19347 19352 1 17.3
9653 19352 7400 1 2.59
9654 7400 19353 1 18.61
9662 19345 7654 1 11.41
9671 7589 7660 1 56.94
9673 7624 7661 1 14.59
9674 19498 7617 1 11.12
9675 7661 7663 1 1.22
9676 7663 7574 1 23.38
9677 7663 7561 1 25.74
9683 7667 7663 1 2.8
9684 7405 19311 1 22.33
9685 19311 19312 1 33.91
9686 7670 7557 1 30.07
9691 7403 7628 1 15.49
9697 7677 19103 1 22.14
9700 7679 19498 1 4.06
9701 19355 7667 1 2.24
9702 19118 7595 1 23.69
9706 19123 19119 1 32.95
9707 7395 7663 1 6.29
9708 7395 19355 1 1.45
9709 7395 19491 1 53.17
9714 7654 19348 1 9.81
9723 7694 19123 1 7.31
9724 7403 7694 1 20.29
9730 7699 7350 1 59.26
9731 19118 7699 1 14.41
9733 7701 19308 1 7.05
9735 7701 19309 1 12.75
9736 19348 7704 1 11.07
9738 7704 7705 1 12.82
9739 7567 7706 1 38.85
9740 7660 7677 1 10.77
9746 7402 7711 1 8.62
9748 7706 7711 1 4.73
9749 7705 19820 1 6.07
9750 19820 19354 1 9.35
9765 7706 7723 1 3.05
9766 7723 7701 1 16.28
9767 7724 19312 1 22.55
9774 7724 19819 1 1.16
9780 7660 19652 1 26.59
9788 7706 7742 1 5.57
9789 20418 22203 1 6.95
9790 7744 19803 1 2.04
9791 7742 7744 1 2.01
9792 7744 7723 1 7.2
9793 7711 7744 1 7.12
9810 7757 7660 1 14.69
9813 19766 7660 1 76.75
9814 7699 19766 1 43.11
9820 19652 7763 1 13.36
9821 7763 7764 1 10.38
9822 7694 19777 1 14.86
9823 7699 7766 1 14.05
9825 19777 19118 1 69.4
9827 7744 7769 1 7.71
9828 7723 7769 1 8.66
9830 7771 7744 1 4.25
9835 7771 7711 1 15.44
9838 7769 7771 1 8.38
9854 7788 7789 1 15.85
9855 20418 22204 1 19.97
9856 22203 7789 1 8.13
9864 19777 7795 1 3.94
9872 7801 20433 1 3.06
9875 7766 7804 1 10.18
9877 7402 19777 1 63.77
9880 7807 7788 1 3.99
9884 20433 7807 1 5.15
9886 19769 7766 1 6.95
9891 7815 7801 1 17.97
9898 7820 7815 1 0.94
9909 19825 19820 1 30.85
9910 19825 7394 1 36.67
9911 20434 7820 1 1.0
9914 7833 20434 1 0.83
9917 7769 7835 1 19.27
9919 20435 7833 1 4.36
9927 7842 7763 1 11.42
9928 7843 7670 1 31.64
9929 7764 7843 1 31.95
9939 19762 7757 1 14.04
9943 22198 20409 1 28.45
9954 7859 19769 1 7.08
9963 19819 19818 1 20.44
9967 7795 7867 1 10.92
9972 19824 19825 1 8.04
9973 7870 20418 1 12.84
9975 7871 19766 1 35.64
9976 7871 7804 1 12.14
9977 7871 7859 1 3.77
9982 20439 7873 1 3.4
9984 19818 7877 1 11.44
9990 19651 7842 1 11.01
9991 19762 7883 1 8.84
10000 7889 7807 1 26.84
10009 7867 19776 1 9.16
10010 19806 7835 1 22.85
10032 20419 7870 1 11.83
10033 20419 7889 1 4.98
10039 7913 20439 1 14.15
10044 22198 20419 1 63.74
10070 7883 7935 1 11.38
10081 7943 7913 1 6.75
10083 7945 19806 1 43.61
10084 7877 7945 1 31.43
10086 19776 7946 1 11.41
10095 7956 19651 1 17.66
10096 19762 7956 1 60.34
10104 7843 19648 1 25.79
10105 20436 20435 1 34.11
10109 7965 7871 1 20.8
10112 19770 7965 1 0.52
10115 7971 19770 1 1.35
10116 7972 7971 1 3.33
10119 7975 20419 1 11.04
10122 7978 7972 1 2.9
10136 7989 19648 1 4.43
10147 20436 7996 1 8.24
10149 7978 19773 1 9.68
10155 8003 7989 1 3.54
10161 19804 8009 1 4.63
10162 7835 8009 1 35.25
10165 8011 8003 1 15.18
10179 19773 19772 1 16.24
10181 8022 7945 1 23.2
10182 8023 7946 1 11.38
10183 8024 7975 1 9.4
10189 8029 20410 1 23.64
10196 20441 7943 1 18.04
10202 8039 8003 1 9.35
10209 19648 8045 1 39.4
10210 8046 7971 1 12.67
10217 8050 8011 1 10.39
10222 19763 7935 1 19.89
10223 20415 22184 1 2.52
10227 8058 8029 1 18.24
10228 20415 8058 1 2.55
10229 8059 8023 1 5.92
10231 8059 8060 1 7.06
10234 19779 8059 1 1.01
10235 19779 8063 1 1.34
10237 8065 19772 1 21.48
10238 8060 8065 1 11.32
10243 19821 8022 1 52.77
10250 8074 19804 1 16.24
10266 7996 8088 1 25.02
10270 20419 8091 1 47.56
10271 8088 8091 1 0.62
10272 8092 8050 1 5.43
10273 7956 8092 1 25.22
10285 8102 8074 1 8.32
10291 8091 20437 1 1.34
10292 19778 7771 1 70.01
10296 8102 8110 1 2.24
10299 8113 7971 1 79.79
10302 19827 19821 1 44.01
10303 19827 19824 1 49.24
10309 8063 19778 1 24.94
10313 8110 8120 1 2.28
10316 19763 8122 1 17.61
10317 20440 20441 1 16.79
10319 8120 7434 1 0.93
10328 19823 19821 1 17.01
10331 19765 8132 1 0.55
10332 19763 8133 1 18.0
10335 8136 8046 1 13.62
10338 8091 20440 1 53.76
10339 8113 8132 1 16.95
10340 8133 7455 1 2.05
10341 7455 19765 1 12.99
10342 19775 19779 1 20.94
10345 8140 8092 1 13.16
10346 8039 8141 1 18.89
10348 7463 20437 1 11.95
10354 8147 8024 1 24.5
10357 20437 8150 1 13.22
10366 8155 19775 1 5.45
10376 8162 8140 1 4.13
10381 8113 8166 1 35.74
10384 8166 19767 1 14.63
10385 8122 8169 1 13.27
10387 8169 19653 1 6.95
10401 8141 8181 1 8.18
10420 19653 8192 1 11.82
10421 8150 8193 1 15.18
10434 8192 8162 1 25.34
10443 8193 8209 1 5.55
10446 8209 8211 1 13.35
10458 8162 8216 1 12.69
10459 20440 20443 1 48.36
10463 20420 8147 1 12.27
10464 8220 8155 1 13.12
10475 19778 19782 1 24.28
10480 8230 20420 1 4.52
10485 22182 20415 1 33.3
10486 20420 8234 1 1.78
10488 22182 8230 1 10.21
10489 8235 7433 1 9.07
10493 19826 19827 1 26.92
10502 8181 19649 1 10.61
10505 19774 8246 1 1.8
10506 19774 8136 1 26.39
10507 19774 8220 1 19.26
10511 8250 20413 1 37.29
10512 22183 20416 1 12.62
10519 20421 20413 1 3.78
10520 20420 7462 1 45.91
10523 8235 8257 1 5.19
10527 19767 8262 1 27.49
10528 8246 8262 1 10.36
10539 8234 8272 1 6.2
10542 8257 8274 1 6.14
10544 19827 8275 1 29.45
10547 19781 19805 1 0.86
10548 8274 19805 1 0.89
10554 8281 19781 1 0.49
10573 19782 8293 1 14.98
10574 8294 7454 1 15.12
10578 8293 19781 1 17.81
10582 8294 19764 1 5.22
10590 8211 20442 1 30.37
10592 8162 8306 1 42.35
10607 8318 15542 1 8.85
10611 8322 20421 1 21.14
10617 20442 8327 1 1.81
10632 8150 20438 1 25.32
10633 20438 8338 1 1.71
10636 8338 7462 1 37.74
10638 8318 22183 1 14.11
10649 8216 8348 1 20.1
10650 19764 8348 1 45.96
10656 19774 8352 1 16.59
10687 8272 8372 1 14.27
10724 8275 8398 1 12.46
10745 19828 19826 1 26.83
10746 8398 19828 1 1.45
10747 8414 19808 1 1.28
10748 8009 19808 1 69.79
10752 8414 8419 1 8.37
10759 8422 19828 1 1.92
10760 8422 8322 1 23.54
10763 8424 8372 1 8.44
10774 8022 19809 1 54.89
10791 8445 8306 1 25.76
10792 8348 8445 1 20.27
10797 8424 8449 1 8.93
10823 19809 8467 1 3.41
10826 8470 8424 1 7.92
10830 8474 19765 1 49.94
10849 19822 8467 1 2.94
10850 19816 19822 1 0.49
10860 8352 19784 1 50.46
10891 20428 8470 1 9.78
10904 8532 8422 1 10.92
10922 8281 19811 1 30.59
10938 8449 22179 1 12.29
10944 8553 20428 1 26.35
10961 20444 8553 1 4.97
10966 19808 19816 1 40.23
11034 8445 8615 1 29.72
11043 19774 19784 1 64.12
11044 19782 19784 1 47.14
11051 8615 19655 1 2.97
11063 19826 19831 1 47.16
11099 19655 8655 1 4.84
11111 19812 8419 1 37.23
11112 19812 8662 1 1.25
11194 8719 8655 1 21.18
11209 8729 8474 1 29.32
11212 19812 8732 1 11.52
11236 19784 19785 1 19.62
11237 19785 19783 1 49.21
11264 19783 8729 1 72.06
11269 19840 8532 1 43.77
11273 8655 8780 1 25.94
11309 19832 19816 1 46.31
11315 8814 19831 1 27.69
11338 8732 19813 1 18.87
11339 8780 8835 1 12.19
11351 19785 19786 1 25.32
11360 19840 19841 1 20.98
11375 19768 8294 1 84.96
11376 8729 19768 1 34.74
11453 8913 19813 1 15.4
11461 8835 8919 1 17.3
11481 8935 8719 1 71.96
11503 19832 19833 1 26.14
11562 19786 19789 1 36.0
11572 19789 9004 1 1.93
11573 8913 9004 1 42.23
11582 8919 9009 1 21.77
11584 9009 9011 1 9.79
11605 9011 9031 1 8.07
11615 9004 9036 1 8.09
11639 19833 19834 1 24.12
11659 9031 9071 1 8.89
11661 19835 19834 1 3.98
11662 19835 8814 1 54.05
11678 9086 8935 1 56.91
11691 8913 9095 1 40.72
11700 9036 19790 1 13.88
11732 9125 19835 1 14.62
11737 9095 19814 1 4.97
11809 19814 9183 1 10.25
11815 19790 19815 1 22.8
11816 9183 19815 1 1.09
11962 9364 19835 1 56.76
11996 9390 9086 1 63.86
12119 19815 19788 1 63.97
12121 19792 9390 1 44.46
12122 19788 19792 1 1.35
19784 5089 19047 1 55.03
19785 15419 18419 1 19.17
19787 15423 3933 1 14.28
19788 15425 18408 1 29.21
19789 15427 18839 1 12.47
19790 15429 18805 1 10.98
19792 15433 18984 1 0.0
19795 18805 18804 1 22.62
19796 19125 22325 1 8.93
19797 15442 22022 1 2.91
19798 18892 18894 1 28.76
19802 19062 19064 1 30.85
19805 15455 19062 1 12.25
19848 15520 19019 1 21.24
19849 6798 6650 1 49.6
19860 8045 7602 1 100.57
19862 15540 20417 1 1.54
19863 15542 15540 1 13.14
20725 8045 8073 1 26.87
20727 6895 6798 1 6.04
29653192 21874 19164 1 4.05
29653202 21884 18420 1 0.31
29653203 21885 18760 1 0.35
29653204 21886 4496 1 0.54
29653205 21888 6576 1 46.7
29653268 18682 7212 1 24.39
29653277 21993 7078 1 29.5
29653278 21994 18667 1 33.59
29653280 21996 18666 1 9.75
29653293 22015 22307 1 1.58
29653294 19089 19090 1 4.93
29653295 22015 22310 1 1.1
29653296 15455 5569 1 21.77
29653297 15441 22319 1 0.67
29653298 19127 22323 1 7.02
29653299 19133 22022 1 4.42
29653300 15442 5137 1 13.27
29653301 19128 15442 1 2.65
29653302 22022 19134 1 15.34
29653303 18892 18891 1 11.13
29653304 18885 18844 1 16.33
29653305 18844 18843 1 4.53
29653306 18843 18842 1 3.11
29653307 18886 22332 1 20.61
29653308 18821 18822 1 10.3
29653309 18822 22032 1 4.15
29653310 22032 4882 1 15.86
29653311 18778 18779 1 13.94
29653312 18776 4570 1 28.34
29653313 18882 22040 1 11.63
29653314 22046 18880 1 12.08
29653315 22041 18883 1 10.96
29653316 18880 22041 1 13.53
29653317 22046 18837 1 15.86
29653318 22046 4728 1 7.22
29653319 18837 22047 1 8.23
29653320 18841 22047 1 18.86
29653321 22047 18834 1 18.06
29653322 18899 4575 1 14.97
29653323 18907 4701 1 11.38
29653324 18952 18953 1 19.45
29653325 18953 22054 1 18.02
29653326 18908 18952 1 10.55
29653327 18976 18977 1 16.42
29653328 18833 4632 1 19.62
29653329 18835 18834 1 24.81
29653330 15429 4330 1 14.51
29653331 18818 18796 1 21.26
29653332 22066 18831 1 5.24
29653333 18796 18789 1 26.8
29653334 18831 18818 1 14.16
29653335 22066 15429 1 16.52
29653336 4340 18818 1 4.66
29653337 18830 18832 1 3.1
29653338 22067 22066 1 5.45
29653339 18756 18754 1 15.09
29653340 18763 18721 1 21.25
29653341 22073 22078 1 5.86
29653342 18720 3764 1 17.56
29653344 22078 22095 1 22.77
29653345 18746 3971 1 4.88
29653346 18745 18744 1 20.0
29653347 18745 18748 1 11.25
29653348 18748 22081 1 14.58
29653349 22081 18792 1 6.82
29653350 18743 3598 1 1.56
29653351 18744 18743 1 17.85
29653352 18793 18792 1 7.53
29653353 18747 18749 1 23.48
29653354 18769 18747 1 8.59
29653355 22090 18739 1 18.48
29653356 22090 18740 1 3.06
29653357 22089 22090 1 3.85
29653358 18739 18742 1 17.93
29653359 18742 15438 1 1.22
29653360 18714 22095 1 4.01
29653361 18713 22094 1 13.66
29653362 18424 18423 1 9.19
29653363 18423 18713 1 15.01
29653364 18712 18711 1 12.21
29653365 18409 22103 1 17.68
29653366 18711 15420 1 0.71
29653367 15420 22095 1 29.13
29653368 18408 18407 1 9.68
29653369 18407 18405 1 11.22
29653370 18414 18413 1 9.65
29653371 18448 4587 1 28.3
29653372 18455 4776 1 16.32
29653373 19002 19003 1 8.11
29653374 19003 5195 1 16.45
29653375 19008 19006 1 11.76
29653376 19086 6096 1 9.26
29653377 19063 22124 1 17.53
29653378 19066 19063 1 3.65
29653379 15427 4870 1 14.14
29653380 19058 19061 1 11.38
29653381 19061 19064 1 27.35
29653390 6124 22137 1 1.42
29653391 22137 19164 1 4.09
29653393 15419 15420 1 6.8
29653405 18404 3181 1 2.04
29653406 3181 22153 1 5.18
29653419 19271 19245 1 12.74
29653420 19245 19238 1 11.19
29653428 20426 22179 1 3.73
29653429 20417 20426 1 12.98
29653430 22179 8318 1 18.62
29653431 15542 8250 1 6.28
29653432 22183 22182 1 1.19
29653433 20416 8250 1 10.85
29653434 22184 22189 1 8.5
29653435 22185 22184 1 6.02
29653436 22186 22185 1 32.8
29653437 22187 22186 1 36.62
29653438 22186 22188 1 20.64
29653439 22185 22189 1 7.37
29653440 22189 22188 1 6.2
29653441 22188 22193 1 9.48
29653442 22187 20412 1 6.06
29653443 22198 20411 1 19.95
29653445 8029 22192 1 25.31
29653446 22192 22193 1 19.68
29653447 22194 22187 1 24.64
29653448 22193 22187 1 8.66
29653449 22192 22194 1 0.91
29653450 20412 22198 1 2.11
29653451 20411 7743 1 7.14
29653452 20409 7395 1 41.51
29653453 22203 7679 1 19.83
29653454 22204 7743 1 36.09
29653455 22204 19495 1 15.67
29653456 7743 19492 1 35.31
29653458 22205 19490 1 14.39
29653459 19491 22207 1 23.3
29653460 22208 22207 1 15.99
29653461 22207 22209 1 9.26
29653462 22209 22205 1 4.05
29653463 22208 19490 1 5.98
29653464 22210 22211 1 11.01
29653465 22211 22212 1 8.01
29653466 22212 19489 1 2.51
29653467 22210 7208 1 39.57
29653468 22214 19473 1 2.05
29653469 19473 22215 1 2.35
29653470 22215 22296 1 16.78
29653471 19470 6941 1 6.54
29653472 6690 22221 1 14.31
29653473 22220 22221 1 2.99
29653474 19335 6653 1 6.73
29653475 19286 6451 1 3.04
29653476 6451 22225 1 10.47
29653477 22226 19281 1 12.03
29653478 22228 19269 1 3.61
29653479 22230 19266 1 1.72
29653480 19282 6410 1 7.89
29653481 19270 22226 1 4.91
29653482 22226 6410 1 4.78
29653483 22228 19270 1 0.98
29653484 22230 22228 1 18.04
29653485 22238 22239 1 5.69
29653486 22239 22240 1 2.77
29653487 22239 22241 1 5.97
29653488 22242 22243 1 5.21
29653489 22244 22242 1 0.17
29653490 22242 19275 1 0.19
29653491 19275 19277 1 11.35
29653492 22247 19275 1 2.1
29653493 19277 19278 1 5.98
29653494 22247 22244 1 2.39
29653495 22244 22238 1 0.31
29653496 22243 22241 1 1.65
29653497 22238 22240 1 2.33
29653498 22240 22243 1 1.64
29653499 22241 22249 1 0.89
29653500 22249 19276 1 16.48
29653501 22249 19274 1 2.67
29653502 19268 22252 1 17.65
29653503 19274 22252 1 10.69
29653504 22256 22257 1 8.06
29653505 19240 22259 1 7.03
29653506 22259 22268 1 4.03
29653507 22259 22267 1 8.34
29653508 19235 22261 1 15.97
29653509 22262 22263 1 5.02
29653510 22263 19239 1 1.0
29653511 22261 19233 1 7.92
29653512 22262 22266 1 2.1
29653513 22267 22260 1 7.66
29653514 22267 22269 1 4.93
29653515 22269 22266 1 8.06
29653516 22268 19240 1 7.89
29653517 22269 22268 1 1.12
29653518 22266 19239 1 1.87
29653519 22260 22257 1 12.15
29653520 19233 19226 1 14.1
29653521 19222 22285 1 28.36
29653522 22276 19224 1 4.49
29653523 22276 19222 1 17.01
29653524 15434 18968 1 14.97
29653525 22277 22278 1 14.42
29653526 22277 15434 1 14.31
29653527 18984 22277 1 7.52
29653528 22278 18985 1 2.18
29653529 22281 18986 1 21.71
29653530 18985 22281 1 0.45
29653531 18973 22285 1 26.53
29653532 22284 15434 1 18.14
29653533 18951 22287 1 8.6
29653534 22288 22287 1 20.24
29653535 22289 22290 1 9.42
29653536 22287 22290 1 9.51
29653537 22290 4398 1 5.82
29653539 22289 18955 1 1.35
29653542 22288 18956 1 12.32
29653543 22294 22295 1 20.46
29653544 22296 22294 1 9.28
29653545 22297 22294 1 11.34
29653546 22298 22299 1 13.99
29653547 22299 22300 1 14.65
29653548 22301 6717 1 18.22
29653549 22295 7148 1 9.0
29653550 22297 7042 1 3.78
29653551 22298 22297 1 1.71
29653552 22296 22298 1 5.77
29653553 22300 19472 1 1.1
29653554 19102 22302 1 9.46
29653555 22304 6721 1 4.17
29653556 19092 5697 1 0.91
29653557 22311 22314 1 3.82
29653559 22310 22306 1 3.21
29653560 22306 22015 1 0.93
29653561 22310 22309 1 0.77
29653562 22309 22308 1 6.68
29653563 22308 22312 1 6.05
29653564 22307 19089 1 10.79
29653565 22312 22315 1 10.44
29653566 22313 22312 1 12.42
29653567 22314 22313 1 6.15
29653568 22311 19169 1 2.17
29653569 22316 5659 1 13.42
29653570 19128 22318 1 1.48
29653571 22318 22326 1 10.29
29653572 22320 22321 1 2.67
29653573 22320 22322 1 2.25
29653574 22323 22320 1 2.63
29653575 22322 22324 1 1.52
29653576 22325 22322 1 12.11
29653577 22319 22321 1 0.11
29653578 22321 22324 1 4.01
29653579 22324 19128 1 4.98
29653580 22323 15441 1 2.81
29653581 22325 19127 1 1.32
29653582 22326 22319 1 2.51
29653583 22327 22328 1 3.74
29653584 22329 22337 1 15.91
29653585 22329 18887 1 5.23
29653586 22332 22331 1 1.36
29653587 18890 22335 1 1.54
29653588 22334 22331 1 0.79
29653589 18890 22334 1 2.33
29653590 22337 22330 1 3.46
29653591 22337 22338 1 2.51
29653592 22338 22336 1 2.95
29653593 22336 4867 1 1.22
29653594 22328 22330 1 1.47
29653595 22330 22327 1 1.59
29653596 22327 4758 1 14.38
29653597 19223 19227 1 10.21
29653613 22352 22354 1 6.14
29653614 22354 22355 1 6.36
29653615 22354 22353 1 2.72
29653616 22355 6646 1 3.14
29653617 22355 6641 1 3.65
29653618 22353 6664 1 2.09
29653620 22358 22371 1 24.85
29653622 22360 18528 1 3.0
29653623 22364 6315 1 17.71
29653624 18531 22364 1 10.51
29653625 22357 22415 1 18.66
29653626 18536 22357 1 12.05
29653627 22367 22459 1 0.58
29653628 22371 22360 1 2.53
29653629 22371 18528 1 2.8
29653630 18619 6240 1 1.0
29653632 22376 22375 1 4.78
29653633 22378 22376 1 6.23
29653634 18603 22378 1 0.67
29653635 22377 18603 1 8.02
29653637 22377 22452 1 6.47
29653638 6173 6284 1 27.03
29653639 22381 6663 1 5.05
29653640 18620 22381 1 16.29
29653644 6911 18574 1 1.12
29653646 22388 22391 1 4.66
29653647 22389 22388 1 3.22
29653648 22390 6774 1 6.75
29653649 22391 6801 1 6.32
29653671 18568 5753 1 15.64
29653672 18532 22456 1 51.32
29653673 22413 18532 1 2.32
29653674 6412 22456 1 42.39
29653675 22417 22415 1 12.62
29653676 22412 22416 1 9.81
29653677 22416 6412 1 3.2
29653678 18519 22418 1 1.55
29653679 22421 22420 1 9.81
29653680 22420 18533 1 12.1
29653681 22421 6283 1 10.22
29653682 22417 18534 1 14.62
29653683 22415 6131 1 2.29
29653684 6324 22425 1 0.83
29653685 18651 6293 1 6.31
29653686 6293 6324 1 33.95
29653687 15520 6425 1 29.87
29653688 22431 22432 1 0.93
29653689 22433 22434 1 24.02
29653690 22434 19020 1 13.92
29653691 19018 6178 1 12.17
29653692 22437 6047 1 15.67
29653693 22437 19018 1 12.06
29653694 22441 19071 1 17.23
29653695 19070 22441 1 5.45
29653696 22441 6238 1 26.69
29653697 22442 19075 1 0.57
29653698 22444 6201 1 3.85
29653699 22444 22442 1 3.71
29653700 22443 22442 1 1.38
29653701 6186 5673 1 6.43
29653702 19067 6086 1 5.1
29653703 22447 22445 1 2.02
29653704 22446 19066 1 7.46
29653705 19042 6155 1 10.1
29653706 22450 6313 1 4.97
29653707 22452 18615 1 15.9
29653708 22452 22453 1 26.27
29653709 22453 22451 1 5.16
29653710 22453 6284 1 4.43
29653711 22451 6284 1 4.92
29653712 18535 6131 1 18.08
29653713 6131 22417 1 3.93
29653715 22370 6267 1 3.13
29653716 22457 22456 1 7.2
