532 686 50
17074
17198
17058
17437
17070
17182
17184
17059
17438
17047
17044
17450
17045
17066
17106
17065
17188
17189
17050
17060
17187
17055
17436
17072
17062
17183
17048
17063
17347
17039
17180
17199
17350
17453
17069
17068
17079
17053
17077
17435
17454
17071
17432
17051
17052
17056
17185
17186
17046
17042
2538 2042 2043 1 23.3
2577 2108 2082 1 1.0
2617 22470 2108 1 6.75
2640 2127 17044 1 2.49
2641 17044 2129 1 31.29
2644 2108 2132 1 7.44
2647 2132 2135 1 6.77
2659 2132 17106 1 6.02
2662 2127 2148 1 4.76
2683 22480 2132 1 9.99
2695 2129 17041 1 12.94
2746 2211 2127 1 42.59
2747 2135 2211 1 33.37
2763 17106 2164 1 5.65
2764 2228 17107 1 17.27
2843 17046 17105 1 38.37
2852 17107 17046 1 34.37
2870 17046 2308 1 7.8
2880 2148 17045 1 37.59
2881 2308 17045 1 40.1
2949 2360 17041 1 50.32
2950 2360 17045 1 9.94
3080 17107 17109 1 37.52
3098 17109 2470 1 39.49
3101 2308 2472 1 40.59
3284 2604 2472 1 32.07
3306 17042 17041 1 71.25
3330 2636 2360 1 40.26
3331 2636 2604 1 8.05
3333 17109 2638 1 25.85
3420 2702 17042 1 19.38
3468 2750 17048 1 17.77
3469 2750 2752 1 6.24
3493 2787 2788 1 10.51
3494 2788 2789 1 4.32
3499 2797 17184 1 1.54
3501 17182 2788 1 0.52
3523 2837 2838 1 7.74
3527 2845 2846 1 2.3
3529 17059 2850 1 28.68
3536 2638 2860 1 13.83
3539 2863 2702 1 21.89
3541 2636 2863 1 14.67
3558 2860 2907 1 6.65
3578 17043 2863 1 3.91
3593 17180 2860 1 7.91
3598 2907 22469 1 2.51
3605 17180 22469 1 3.44
3634 2942 2702 1 14.89
3664 2942 17043 1 22.06
3697 22469 2987 1 11.37
3700 17043 2991 1 15.57
3785 2752 2942 1 12.93
3803 17043 3068 1 73.91
3925 3068 17057 1 8.8
3926 2987 17057 1 33.39
3934 17043 3171 1 30.26
3983 3206 2752 1 17.95
3984 3206 3171 1 4.85
4004 17057 3222 1 10.45
4059 2991 3261 1 26.65
4074 3275 2750 1 16.49
4079 3279 17180 1 37.53
4096 17180 3294 1 38.17
4104 3261 3301 1 12.45
4144 3331 3275 1 4.04
4145 3331 3206 1 19.55
4155 3339 3294 1 3.08
4156 3279 3339 1 15.92
4161 3344 3171 1 18.15
4168 3349 3279 1 4.65
4169 3349 22489 1 46.22
4180 3357 17057 1 21.91
4219 3381 3357 1 27.52
4220 3381 3339 1 3.65
4258 3415 3222 1 16.94
4286 3437 3381 1 5.75
4318 3460 3437 1 20.54
4319 3460 3349 1 9.68
4323 3222 17056 1 26.91
4324 3465 3415 1 10.33
4333 3301 17056 1 20.52
4334 17056 3465 1 1.84
4337 3472 3344 1 11.32
4338 3261 3472 1 27.29
4356 3484 3331 1 21.25
4369 3484 3493 1 1.78
4380 3501 3357 1 13.2
4391 3509 3472 1 14.33
4393 3511 3484 1 12.2
4397 3509 3511 1 15.21
4398 3514 3437 1 8.7
4416 3524 3525 1 17.9
4434 17055 3472 1 12.71
4435 17055 17056 1 37.46
4462 3563 3501 1 7.23
4483 3581 3460 1 13.41
4484 3581 17186 1 23.78
4486 17056 3584 1 15.22
4487 3585 3511 1 9.69
4488 3585 3509 1 11.97
4500 3584 3594 1 1.16
4513 3604 3525 1 31.07
4525 3610 3611 1 11.13
4526 3610 3415 1 19.16
4535 17056 3619 1 16.38
4536 3611 3619 1 8.66
4537 3619 3620 1 0.52
4538 3594 3620 1 4.81
4541 3585 17050 1 29.45
4542 2787 3563 1 5.68
4546 17198 3524 1 8.65
4549 3604 3628 1 13.38
4551 17055 3630 1 15.15
4552 3584 3630 1 13.89
4553 3631 3581 1 7.03
4557 3581 3635 1 17.55
4559 17183 3514 1 13.83
4572 3647 3514 1 12.67
4593 3662 17183 1 2.24
4594 3662 3647 1 4.64
4598 3665 3662 1 0.39
4608 3635 3673 1 8.75
4609 3647 3673 1 2.51
4619 3680 17198 1 4.21
4667 2789 3665 1 10.15
4680 3673 2797 1 4.45
4681 3720 3631 1 9.64
4684 17050 3722 1 13.45
4714 3743 17182 1 7.71
4719 3722 3747 1 7.97
4746 3782 3680 1 14.71
4757 3790 3720 1 14.02
4758 3790 3791 1 26.06
4760 3793 3790 1 0.67
4761 2789 3794 1 14.17
4764 3791 3799 1 23.0
4766 17187 3790 1 0.8
4774 17181 3610 1 22.06
4775 17181 3743 1 2.9
4776 3809 3630 1 26.35
4801 3630 3828 1 14.93
4802 3628 3829 1 18.32
4810 3809 3585 1 30.77
4832 17199 3782 1 6.15
4833 3829 17199 1 6.47
4836 3619 3841 1 27.26
4856 17184 3855 1 13.96
4859 3782 3799 1 7.93
4871 3794 3866 1 10.33
4872 3866 3855 1 6.75
4885 3877 3793 1 35.22
4886 3855 17185 1 1.91
4887 17185 3877 1 0.58
4911 3866 3896 1 8.34
4914 3841 3899 1 3.41
4920 3899 3903 1 2.29
4921 3903 22482 1 6.2
4926 3828 3907 1 18.75
4927 3899 3907 1 7.42
4932 17200 17199 1 10.26
4933 2838 3809 1 30.13
4934 3799 17200 1 9.44
4953 3907 2838 1 10.71
4955 17200 3923 1 3.88
4969 17199 3929 1 13.35
4970 3929 3604 1 35.25
4971 3930 17181 1 23.1
4975 3903 3934 1 6.72
4977 3899 17058 1 4.16
4978 3934 17058 1 7.71
4983 3941 3930 1 2.74
4984 3896 3941 1 33.95
4995 3950 17058 1 4.35
5001 3953 3930 1 4.33
5002 3934 3953 1 5.06
5007 3956 17049 1 5.27
5008 3747 17049 1 31.42
5009 2837 3950 1 8.58
5015 3941 3963 1 5.3
5016 3953 3963 1 2.08
5032 17185 3978 1 13.68
5035 3963 3981 1 3.61
5040 3929 17207 1 60.1
5041 17188 17187 1 19.82
5044 3987 3941 1 15.85
5045 3988 3747 1 30.87
5054 3996 3934 1 9.32
5062 4002 17200 1 16.08
5063 3981 4003 1 4.21
5070 3978 4010 1 4.19
5098 2850 2837 1 17.28
5100 4010 4031 1 9.41
5124 17059 17058 1 15.78
5128 4003 2845 1 8.29
5129 3987 2845 1 10.02
5136 4031 4056 1 4.5
5141 4060 17047 1 4.73
5142 2850 4062 1 38.84
5148 4056 3987 1 33.97
5156 4062 4070 1 5.36
5157 4060 3956 1 63.55
5174 4083 4010 1 10.39
5175 17188 4083 1 33.97
5176 17060 3996 1 15.65
5177 2846 17060 1 5.62
5180 4056 4083 1 16.29
5193 4096 4060 1 4.55
5196 17049 4098 1 20.97
5203 2846 4103 1 4.21
5207 4107 4098 1 17.73
5224 17040 2043 1 55.22
5242 4137 4083 1 5.36
5243 4138 4002 1 18.5
5250 4143 17060 1 6.53
5254 4107 4146 1 17.88
5255 3988 4146 1 19.07
5256 4070 4146 1 12.6
5258 4148 17059 1 11.32
5263 4153 4137 1 1.16
5282 17047 17040 1 59.85
5308 4194 4195 1 39.13
5313 4204 17061 1 1.59
5317 4212 4213 1 13.06
5318 4214 4215 1 7.82
5319 16204 4214 1 53.56
5320 4217 4218 1 2.44
5335 4241 4212 1 19.97
5336 4241 4242 1 38.2
5339 4247 4248 1 4.2
5372 17434 4302 1 12.78
5376 4308 17073 1 14.78
5378 4312 4313 1 19.6
5379 4313 4314 1 3.72
5386 4320 4107 1 8.75
5390 4323 4143 1 6.7
5391 4103 4323 1 9.18
5396 4328 17188 1 38.94
5397 4328 4138 1 6.85
5398 4329 2850 1 20.22
5409 4339 4070 1 21.08
5415 4329 4339 1 18.85
5433 4359 4148 1 8.69
5434 17060 4359 1 20.3
5452 17059 4372 1 32.41
5475 4389 4153 1 13.19
5517 4421 4320 1 13.55
5533 4195 4359 1 12.73
5535 4430 4389 1 9.04
5566 4323 17062 1 19.27
5567 4453 4096 1 39.56
5568 4453 4098 1 51.42
5603 17200 4481 1 56.11
5607 4484 4195 1 10.77
5608 17062 4484 1 7.93
5612 4488 4481 1 21.39
5627 2043 4501 1 25.8
5645 4146 4516 1 31.03
5649 4478 4519 1 25.11
5650 4519 17207 1 66.97
5653 4520 4488 1 73.35
5654 4519 4520 1 2.06
5656 4522 4519 1 0.4
5659 4522 17347 1 2.15
5662 4484 4213 1 7.36
5664 16204 4328 1 32.88
5679 4481 16204 1 11.87
5683 4501 17039 1 34.61
5691 4544 4453 1 10.61
5694 4421 4547 1 24.85
5711 4215 4430 1 21.85
5725 4569 4522 1 7.0
5728 17062 4242 1 18.82
5732 4372 4572 1 28.62
5737 4577 4329 1 35.03
5740 4572 4577 1 2.87
5744 4577 4581 1 2.48
5752 4588 4589 1 2.09
5753 4581 4588 1 1.38
5771 4547 4217 1 7.36
5772 4597 4217 1 19.24
5773 4516 4597 1 15.01
5774 4217 4598 1 0.4
5776 4589 4597 1 28.43
5777 17061 4588 1 2.75
5782 4194 4572 1 15.2
5807 4213 4194 1 38.35
5822 4633 2042 1 60.24
5823 4633 4096 1 54.98
5843 4214 4649 1 33.72
5888 4681 4633 1 23.48
5895 17052 4544 1 28.37
5909 4242 17189 1 22.07
5910 4649 17189 1 25.13
5937 17052 4715 1 35.0
5939 17053 17052 1 3.75
5940 17053 4421 1 55.7
5945 4719 4569 1 32.84
5962 4248 17053 1 3.63
5985 4218 4247 1 52.18
5987 4719 4739 1 14.06
6044 4786 4204 1 38.04
6097 4569 17208 1 60.37
6104 4838 4598 1 44.14
6105 4786 4838 1 20.33
6107 17208 4840 1 8.03
6110 4842 17053 1 20.67
6175 17350 4837 1 17.81
6190 4907 4719 1 28.68
6191 4907 17350 1 1.98
6204 4916 4838 1 8.14
6218 4928 17208 1 14.81
6270 4963 4715 1 37.66
6271 4963 4842 1 28.73
6277 4840 4969 1 37.37
6278 4907 4969 1 47.34
6298 4979 4247 1 37.69
6311 17054 4979 1 3.09
6312 4990 17054 1 0.9
6339 17051 4963 1 7.29
6343 4916 4990 1 35.21
6368 5026 4916 1 23.92
6392 5042 4241 1 40.48
6454 5042 5092 1 20.23
6455 17189 5092 1 54.28
6459 5095 17051 1 51.61
6463 5092 5099 1 2.05
6466 17054 5102 1 18.28
6471 5105 4969 1 32.05
6473 5106 4928 1 30.29
6479 5110 4204 1 76.81
6483 5110 5026 1 47.94
6498 5123 5095 1 30.48
6512 5135 5110 1 4.32
6517 17070 5135 1 0.49
6527 5145 17070 1 2.18
6561 5169 5123 1 13.75
6562 5170 5042 1 17.15
6565 17051 5172 1 29.02
6566 5173 5042 1 26.76
6567 5173 5145 1 10.11
6577 5182 5095 1 19.16
6598 5198 5169 1 5.05
6620 5215 5106 1 24.14
6644 4907 5232 1 57.93
6645 5233 5105 1 26.89
6646 5234 5235 1 66.66
6651 5232 17450 1 5.04
6682 17450 5270 1 3.29
6683 5271 5270 1 1.53
6685 5271 5273 1 2.97
6691 5273 5278 1 0.62
6711 5293 5270 1 3.94
6726 5303 5233 1 6.69
6727 5303 5232 1 35.85
6728 5293 5304 1 1.97
6798 5232 5359 1 20.05
6807 5367 5303 1 19.18
6825 5102 17069 1 65.26
6826 17069 5135 1 56.23
6849 17051 5395 1 96.53
6850 5102 5395 1 46.47
6852 5397 5293 1 16.66
6866 5397 5408 1 3.05
6870 5412 5234 1 36.58
6912 5448 5198 1 49.73
6913 5449 5450 1 36.16
6914 5449 5215 1 29.49
6916 5452 5182 1 37.9
6917 5099 5453 1 45.87
6919 5455 5367 1 11.81
6937 5453 5470 1 4.52
6938 5470 5412 1 11.66
6946 5475 5173 1 46.47
6947 5475 5170 1 38.73
6948 5453 5475 1 10.97
6951 5450 4302 1 34.06
6952 5477 5198 1 52.49
6953 5477 5452 1 5.26
6963 17063 5172 1 47.75
6965 5487 5488 1 16.02
6966 5487 17069 1 20.1
6967 5489 17069 1 39.06
6971 17063 5477 1 16.37
6995 5395 17067 1 19.56
6996 5488 17067 1 27.62
7004 4314 5487 1 5.75
7007 17067 17068 1 4.43
7010 5475 4308 1 12.24
7013 17073 5475 1 10.34
7014 5453 17073 1 12.81
7029 5536 17073 1 10.87
7030 5470 22483 1 11.05
7031 22483 5537 1 3.31
7040 17434 5543 1 48.2
7041 5449 5543 1 17.06
7042 17436 5545 1 3.67
7043 5545 5367 1 70.72
7044 5546 17436 1 0.9
7054 17071 5489 1 16.41
7055 4308 17071 1 16.93
7071 5487 5570 1 46.46
7072 17071 5570 1 15.89
7080 17068 5576 1 13.65
7081 5576 4312 1 7.2
7083 4308 5578 1 8.1
7084 5578 5579 1 4.07
7085 5543 5546 1 46.74
7091 5585 5448 1 21.91
7093 5537 17434 1 85.61
7104 5408 5597 1 45.52
7135 17073 5618 1 11.47
7144 5579 5618 1 11.35
7153 5618 5631 1 9.22
7154 22483 5536 1 8.73
7155 5597 17453 1 6.43
7156 17453 5608 1 6.01
7167 5650 5651 1 24.04
7168 5651 5652 1 38.18
7178 5667 5668 1 10.87
7179 5668 17467 1 96.52
7196 5694 5695 1 64.65
7212 5720 5721 1 46.85
7215 5726 5727 1 33.42
7223 5741 5742 1 16.61
7224 5741 5743 1 6.46
7245 17067 5773 1 38.85
7265 5788 5789 1 9.98
7266 5790 5788 1 2.62
7308 5773 5820 1 13.0
7313 5820 5824 1 0.79
7322 5359 5652 1 56.14
7335 5545 5842 1 21.22
7366 5871 5790 1 12.74
7372 17063 5871 1 57.79
7373 5877 5820 1 7.63
7385 5824 5871 1 14.63
7390 5618 5888 1 15.31
7394 5871 17066 1 1.31
7399 5631 5897 1 15.29
7402 5897 5888 1 12.42
7429 17434 5918 1 38.31
7432 5920 5877 1 7.43
7441 5928 5408 1 50.77
7442 17453 5928 1 46.28
7445 5871 5920 1 14.42
7452 5936 17068 1 35.38
7475 17071 5954 1 39.84
7479 5956 17068 1 59.33
7490 5956 5954 1 34.73
7512 17432 5897 1 15.44
7527 5996 17453 1 48.42
7528 5996 5997 1 21.21
7530 5999 17432 1 2.54
7536 6005 5999 1 2.61
7537 17066 6006 1 45.64
7539 5842 5650 1 37.34
7540 5650 5652 1 46.53
7544 6010 17068 1 49.58
7556 6018 17436 1 45.8
7558 5956 6020 1 15.53
7561 17467 5996 1 4.42
7563 17467 6023 1 10.4
7569 6029 5585 1 39.87
7573 5954 6031 1 15.72
7580 6036 6029 1 24.19
7581 6006 6036 1 68.88
7584 6039 5888 1 29.76
7585 6039 6005 1 9.22
7593 6031 6044 1 2.1
7596 6020 6031 1 22.0
7634 5578 6075 1 55.98
7657 6075 6039 1 33.84
7661 17072 6075 1 11.09
7676 5928 6109 1 35.11
7703 17433 22484 1 9.0
7713 6134 5842 1 52.16
7714 6134 5650 1 21.53
7719 6138 17433 1 1.6
7728 6145 17072 1 7.14
7752 6161 6162 1 30.51
7758 6170 5936 1 53.97
7759 6145 6171 1 31.23
7779 6020 6188 1 29.2
7780 6044 6188 1 17.98
7798 5918 6200 1 47.93
7808 17074 6145 1 8.57
7819 5918 6162 1 47.36
7831 6162 6018 1 49.27
7856 5667 5651 1 48.79
7857 5667 6109 1 18.63
7878 17454 5667 1 5.2
7879 6249 6138 1 46.53
7899 6188 6264 1 16.27
7900 6171 6264 1 7.45
7912 6273 17467 1 43.85
7916 4715 4681 1 0.46
7924 6281 6273 1 3.67
7930 5695 6134 1 29.91
7931 5651 5695 1 43.86
7932 6285 6138 1 25.28
7933 6286 6281 1 0.92
7934 6286 6287 1 1.01
7935 6281 6288 1 14.91
7938 6036 6291 1 60.28
7939 6006 6291 1 53.15
7944 6295 6296 1 33.73
7946 6299 6286 1 2.51
7947 6297 6300 1 12.95
7949 6300 6299 1 7.01
7950 5668 6288 1 52.66
7952 17433 6302 1 42.07
7958 6291 6305 1 2.75
7964 6302 6285 1 27.65
7970 6249 6314 1 15.72
7978 6320 6170 1 26.02
7981 6323 6302 1 9.42
7984 6326 6170 1 19.05
7987 6329 17454 1 31.8
7989 6323 6200 1 48.27
7991 6305 6331 1 9.22
8000 6010 6339 1 66.07
8001 6320 15529 1 75.22
8002 6285 6341 1 17.07
8003 17074 6342 1 38.99
8011 6171 6342 1 29.45
8024 17435 6323 1 7.84
8034 6305 6365 1 46.55
8051 6365 6378 1 1.94
8056 6381 17435 1 5.54
8067 6387 6381 1 22.59
8068 6387 6161 1 39.76
8071 6342 6390 1 7.89
8075 6341 6394 1 10.38
8077 6329 6396 1 38.57
8079 6314 6390 1 28.92
8093 6390 17075 1 2.81
8107 6419 6299 1 31.68
8109 6421 6378 1 11.79
8118 6428 6421 1 7.02
8120 6341 17077 1 21.96
8125 17075 6433 1 6.82
8132 6433 17077 1 47.77
8133 6433 6440 1 4.24
8140 6447 6296 1 39.02
8141 6421 6447 1 17.78
8152 6394 6456 1 23.63
8158 6339 6460 1 37.91
8159 6460 6440 1 15.18
8171 6456 6470 1 7.34
8172 6470 17435 1 46.74
8175 6473 6419 1 24.88
8181 6440 6479 1 12.93
8185 6482 17454 1 62.21
8186 6288 6482 1 76.6
8191 6486 6387 1 70.29
8192 6487 6331 1 35.71
8193 5727 6470 1 3.46
8198 6490 6487 1 7.2
8199 6491 6486 1 7.79
8200 6491 6018 1 101.25
8206 6496 6490 1 15.79
8211 6460 5720 1 13.09
8212 6499 6428 1 29.15
8213 6496 6499 1 28.32
8233 6514 6473 1 8.42
8242 6522 6523 1 22.06
8245 6526 6527 1 10.3
8249 6532 6533 1 10.11
8250 6532 6526 1 5.17
8261 6548 5726 1 8.19
8262 6549 6533 1 50.27
8266 6554 5720 1 46.96
8283 6381 6569 1 43.03
8300 6582 5694 1 6.2
8301 6582 6396 1 48.44
8314 6591 6486 1 15.36
8316 15529 6487 1 33.08
8324 17456 6482 1 21.61
8325 17456 6514 1 23.54
8337 6604 17456 1 2.67
8338 6605 6604 1 0.64
8345 6447 6610 1 28.76
8346 6499 6610 1 21.87
8362 6582 6620 1 21.87
8371 6543 17456 1 25.21
8372 6569 6628 1 13.48
8373 6479 6629 1 27.83
8381 6633 6634 1 1.29
8387 6527 6491 1 29.11
8388 6527 6620 1 8.55
8389 6610 17065 1 7.3
8390 6634 17065 1 5.79
8391 6533 6620 1 15.21
8392 6523 6633 1 15.55
8394 6638 6639 1 1.66
8401 17065 6638 1 8.69
8402 6629 6642 1 9.19
8403 17077 15526 1 12.28
8406 6643 6549 1 13.91
8407 6543 6643 1 35.68
8413 6642 17076 1 10.8
8418 17076 6554 1 7.06
8432 6661 6643 1 12.38
8479 6694 6522 1 88.5
8491 6569 6704 1 59.45
8499 17442 6532 1 35.49
8500 17442 6661 1 32.77
8517 6723 6527 1 35.69
8533 17076 6735 1 20.09
8562 6756 6704 1 13.98
8570 6760 17442 1 10.94
8571 6761 6694 1 78.32
8572 6762 6526 1 35.49
8573 6762 17442 1 26.28
8581 17437 6628 1 56.46
8585 6735 6773 1 17.45
8594 17437 6781 1 48.29
8597 6548 6784 1 55.25
8605 6781 6784 1 31.86
8608 6792 6762 1 14.15
8613 6756 17437 1 26.11
8631 6809 6761 1 52.3
8632 6773 6809 1 23.46
8641 6784 6817 1 38.31
8650 5742 6723 1 23.22
8651 5742 6792 1 20.56
8658 5742 17441 1 1.27
8664 17441 6756 1 47.44
8671 6817 6839 1 7.81
8684 17078 6809 1 46.82
8685 6735 17078 1 30.26
8686 6839 17078 1 5.19
8710 5743 6792 1 18.87
8786 6921 17078 1 22.13
8791 6925 6839 1 45.02
8795 6929 5741 1 18.65
8823 6951 17438 1 46.67
8880 6921 6994 1 15.26
8886 6999 6951 1 28.42
8887 6929 6999 1 22.72
8898 6925 7006 1 55.6
8899 17438 7006 1 31.6
8907 17079 6994 1 14.71
8908 17079 6921 1 32.66
9021 7100 7101 1 47.43
9022 6994 7100 1 30.62
9023 7102 17079 1 59.27
9121 7102 7170 1 36.31
9188 7100 7217 1 33.4
9200 7217 7227 1 17.62
9202 7217 17080 1 5.77
9240 7256 17080 1 7.93
19698 22470 17106 1 17.46
19851 5726 15525 1 39.16
19852 15526 15527 1 17.67
19853 6456 15527 1 14.47
20532 16201 4649 1 57.77
20533 16201 16203 1 18.49
20534 16204 16203 1 62.32
20535 16205 16201 1 19.6
20536 16206 16207 1 59.5
20537 16206 16208 1 24.87
20538 16208 17434 1 62.95
20539 16210 16211 1 36.87
20541 16214 16215 1 30.5
20542 16216 16217 1 39.7
20543 16217 16214 1 16.15
20545 16205 16219 1 45.41
20548 16208 16210 1 12.8
20549 16222 16208 1 12.47
20550 16222 16210 1 21.19
20552 4501 16217 1 30.49
20553 16226 16216 1 44.03
20555 16203 16205 1 9.6
20556 16203 16228 1 68.47
29647608 15529 5721 1 129.85
29653729 22480 2164 1 5.64
29653730 2164 17107 1 14.54
29653731 17105 22480 1 3.13
29653732 22482 3610 1 24.05
29653733 22483 17073 1 6.81
29653734 5536 5631 1 5.27
29653735 22484 5999 1 10.35
29653736 15526 15525 1 11.28
29653737 15525 6642 1 31.16
