1339 1696 70
17447
17738
17694
17444
17680
17643
17640
17671
17736
17613
17674
17658
17632
17669
17598
17730
17537
17741
17607
17594
17539
17668
17618
17673
17700
17580
17623
17601
17743
17634
17644
17679
17689
17638
17737
17620
17541
17603
17439
17625
17731
17676
17606
17667
17687
17626
17665
17445
17682
17579
17619
17540
17678
17650
17624
17652
17631
17538
17744
17605
17616
17635
17627
17637
17745
17681
17599
17645
17666
17660
2292 1827 1828 1 50.6
9097 7071 7153 1 44.17
9119 7168 7071 1 34.52
9165 7200 7168 1 9.95
9166 7200 17444 1 13.92
9218 7240 7153 1 77.12
9219 7240 7200 1 15.97
9251 7265 7266 1 14.2
9269 7279 7265 1 12.74
9283 7293 7279 1 21.94
9294 7300 7299 1 10.14
9299 7299 7293 1 7.09
9312 7264 7316 1 25.09
9315 7316 7300 1 35.41
9344 7339 7240 1 33.11
9349 7339 17445 1 0.68
9362 7354 7355 1 11.7
9393 17445 7379 1 14.98
9394 7379 7380 1 33.66
9408 7390 7391 1 27.68
9412 7398 7399 1 28.05
9419 17629 7410 1 0.42
9420 7411 7412 1 10.54
9422 7415 7416 1 5.42
9423 7417 7418 1 2.35
9424 7418 7415 1 12.48
9425 7419 17677 1 9.47
9436 7438 17630 1 16.15
9444 7452 7453 1 15.21
9448 7460 7461 1 39.28
9453 7470 7461 1 3.64
9455 7473 7470 1 1.55
9461 7483 7484 1 17.59
9464 17696 7479 1 0.66
9465 7489 7490 1 58.57
9466 7491 7483 1 2.17
9467 7453 7492 1 14.12
9468 7493 7494 1 4.09
9469 7495 7496 1 42.6
9470 7497 7498 1 5.32
9471 7497 7499 1 5.18
9474 7503 7504 1 36.84
9475 7505 7506 1 0.78
9476 7507 7505 1 5.55
9477 7508 7509 1 5.56
9479 7512 7513 1 11.15
9482 7517 7518 1 9.1
9485 7522 7518 1 8.47
9490 7530 7531 1 3.66
9496 7316 17439 1 32.41
9514 7379 7548 1 14.62
9518 17439 7551 1 37.51
9530 17439 7560 1 32.13
9533 7562 7551 1 7.56
9539 7299 7566 1 33.8
9540 7566 7551 1 32.26
9542 7380 7560 1 59.77
9543 7568 7324 1 57.72
9552 7577 7548 1 24.05
9554 7293 7398 1 38.38
9555 7566 7398 1 9.02
9556 7379 7579 1 26.51
9557 7579 7577 1 4.88
9558 17439 7580 1 19.19
9574 7593 7562 1 7.37
9581 7580 7598 1 3.15
9585 7601 7593 1 5.05
9586 7598 7601 1 21.23
9598 7608 7568 1 12.25
9601 7608 7398 1 46.14
9605 7598 7611 1 13.77
9608 7614 7568 1 41.74
9625 7611 7630 1 11.66
9647 7579 17440 1 15.68
9652 7593 7648 1 23.7
9655 7630 7649 1 3.97
9656 17440 7650 1 1.27
9661 7650 7390 1 9.27
9669 7553 7659 1 35.39
9670 7659 7614 1 43.36
9688 7649 7672 1 21.81
9689 7548 7673 1 46.4
9703 7673 17447 1 1.1
9710 7672 7391 1 5.38
9713 7566 7687 1 29.02
9715 7648 7687 1 18.71
9728 17447 7697 1 15.5
9732 7391 7700 1 8.94
9742 7709 7708 1 0.44
9747 7708 7712 1 0.59
9758 7712 17683 1 1.06
9771 7399 7728 1 11.76
9772 7687 7728 1 15.46
9786 7390 7740 1 22.89
9795 7747 7687 1 9.01
9798 7355 7749 1 84.76
9800 7751 7659 1 29.49
9808 7700 7756 1 25.74
9809 7740 7756 1 4.12
9837 7650 7775 1 36.56
9839 7672 7776 1 57.79
9848 7756 7783 1 4.11
9849 7784 7608 1 57.6
9861 7601 7793 1 49.3
9862 7776 7793 1 8.01
9863 7775 7794 1 7.75
9865 7796 7797 1 1.56
9873 7728 7803 1 18.94
9874 7747 7803 1 16.02
9876 7805 7784 1 5.11
9881 7747 7808 1 22.23
9882 7809 17447 1 42.11
9885 7811 7776 1 6.63
9889 7794 7783 1 25.29
9896 7794 7818 1 6.38
9900 7822 7823 1 17.41
9902 17683 7825 1 19.35
9904 7808 17676 1 9.44
9905 7793 17676 1 10.85
9906 7728 7828 1 18.8
9912 7828 7805 1 27.94
9916 7825 7822 1 11.13
9921 7838 7809 1 4.81
9922 7839 7838 1 2.43
9924 7840 7793 1 6.71
9925 7840 7841 1 3.47
9926 17676 7840 1 12.98
9930 7844 7811 1 6.75
9931 7823 7839 1 14.89
9936 7841 7848 1 3.54
9938 7840 7850 1 3.98
9942 7853 7751 1 27.16
9953 7796 7858 1 11.11
9956 7861 7825 1 5.38
9965 7818 7866 1 10.3
9968 7419 7844 1 4.58
9970 7848 7419 1 8.73
9971 7838 7866 1 30.36
9978 7872 7866 1 1.71
9983 7876 7853 1 51.12
9986 7858 7878 1 9.77
9993 7884 7872 1 12.83
9994 7885 7803 1 17.85
9995 17676 7885 1 24.5
9996 7850 7416 1 12.76
9999 17684 7888 1 0.58
10002 7891 7872 1 7.85
10004 7411 7861 1 15.57
10005 7411 17684 1 6.3
10008 7885 7894 1 2.25
10011 7410 7417 1 6.19
10013 17629 7894 1 2.02
10019 7411 7899 1 3.31
10020 7888 7899 1 7.62
10021 7416 7900 1 11.58
10022 7900 7901 1 0.94
10023 17677 7901 1 7.8
10024 7878 7902 1 8.2
10025 17677 7903 1 5.25
10026 7894 7904 1 2.91
10027 7904 17629 1 4.05
10028 7412 7905 1 5.3
10034 7904 7909 1 1.73
10043 7909 7917 1 2.16
10047 7410 7919 1 5.81
10048 7417 7919 1 6.0
10049 7905 7920 1 40.7
10052 7797 7923 1 66.46
10053 7923 7784 1 26.55
10055 7925 7884 1 21.33
10056 7925 7920 1 0.54
10057 17677 7926 1 5.28
10062 7901 7926 1 8.9
10064 7930 7891 1 27.17
10065 7917 7919 1 10.08
10069 7934 7923 1 2.25
10074 7938 7853 1 21.88
10079 7903 7941 1 9.88
10080 7941 7942 1 28.33
10082 7944 7941 1 1.38
10085 7944 7926 1 10.81
10091 7949 7917 1 6.04
10097 7783 7957 1 36.51
10098 7957 7930 1 14.9
10099 7934 7958 1 9.05
10113 7969 7941 1 22.41
10118 7974 7942 1 5.22
10120 7976 7876 1 23.15
10121 7976 7977 1 0.24
10124 7980 7415 1 17.09
10125 7980 7969 1 5.19
10128 7942 17679 1 23.11
10132 7902 7986 1 13.7
10139 17679 7991 1 2.33
10140 7957 7991 1 12.56
10144 7899 7993 1 13.82
10145 7980 7994 1 2.34
10146 7995 7986 1 4.18
10148 7997 7919 1 11.57
10150 7941 7999 1 10.23
10151 8000 7905 1 20.52
10152 7993 8000 1 1.26
10153 8001 7934 1 13.66
10156 7949 8004 1 26.99
10158 8006 7958 1 21.71
10159 8004 8006 1 0.86
10160 8007 7938 1 10.15
10173 7930 8015 1 22.14
10174 8015 7925 1 38.34
10175 8016 8017 1 23.35
10177 7418 8019 1 28.18
10178 8019 7980 1 9.06
10180 7853 8021 1 58.72
10185 8021 8026 1 0.26
10187 8019 8027 1 1.23
10188 8028 7749 1 55.49
10190 8030 8021 1 15.2
10191 7986 8030 1 8.81
10192 7977 8031 1 9.92
10193 8006 8032 1 6.4
10195 8034 7974 1 12.6
10201 7999 8034 1 16.99
10203 17606 8041 1 0.3
10204 8041 8028 1 2.68
10205 7977 8041 1 19.31
10206 8007 8042 1 5.97
10211 8042 8047 1 15.85
10214 8049 7995 1 37.45
10215 8049 8001 1 8.88
10219 8052 7997 1 13.27
10220 8027 8052 1 10.79
10225 8047 8056 1 3.55
10226 8034 8057 1 4.3
10230 8031 8056 1 13.77
10236 8032 8064 1 6.79
10239 8049 8066 1 6.79
10244 8070 8027 1 15.36
10245 7994 8070 1 19.73
10246 8056 8071 1 9.39
10247 8071 8041 1 22.61
10248 8072 8000 1 18.35
10251 17685 8076 1 0.63
10255 7949 8079 1 22.11
10261 8084 17685 1 0.41
10263 8026 8085 1 11.52
10264 8026 17620 1 23.03
10265 17620 8087 1 1.42
10267 8089 7991 1 19.31
10268 8076 8072 1 12.5
10269 8090 8007 1 13.16
10277 8096 8084 1 1.29
10280 8098 8090 1 19.75
10284 8100 8101 1 20.23
10287 8056 8104 1 10.82
10293 8079 8109 1 2.45
10294 8064 8109 1 11.7
10297 8100 8111 1 1.23
10298 8015 8112 1 21.53
10300 8087 8098 1 9.26
10301 8101 7489 1 60.89
10304 17620 8114 1 5.81
10305 8114 8115 1 1.58
10306 8109 7438 1 1.77
10308 8116 7997 1 22.82
10310 8117 8118 1 72.98
10311 8119 8117 1 15.32
10312 8116 8079 1 15.31
10314 8121 8049 1 9.93
10318 8017 8124 1 24.45
10320 8125 8017 1 27.63
10325 8121 7460 1 5.5
10326 8129 8124 1 3.6
10327 8115 8130 1 6.25
10333 7920 8134 1 60.0
10336 8137 8096 1 8.75
10349 8057 8143 1 19.66
10352 8145 8052 1 17.93
10353 8146 8041 1 18.73
10359 8100 8151 1 48.85
10360 8085 8152 1 11.89
10361 8130 8152 1 8.44
10362 8072 8153 1 31.52
10369 8157 8146 1 3.11
10370 8104 8157 1 25.61
10373 17680 8089 1 20.47
10374 8117 8160 1 13.83
10375 17596 8160 1 1.43
10377 8163 8164 1 4.48
10378 8160 8163 1 0.63
10382 8070 8167 1 27.19
10383 8143 8167 1 10.13
10388 8143 17680 1 77.55
10389 8171 8146 1 12.66
10390 8129 8172 1 22.93
10403 8134 8182 1 12.76
10404 8153 8182 1 14.01
10405 7438 7452 1 17.06
10410 7484 8090 1 18.99
10412 8066 8186 1 46.86
10413 17630 8186 1 1.89
10415 7452 8186 1 20.76
10433 8186 8202 1 2.61
10438 8172 8205 1 7.97
10439 8163 8205 1 7.7
10460 17631 8202 1 2.25
10465 8112 8221 1 23.24
10466 8222 8157 1 13.15
10474 8221 8182 1 59.41
10476 17606 8228 1 47.97
10477 8228 8171 1 29.91
10478 8229 7452 1 6.95
10479 17680 8221 1 38.83
10490 7473 17631 1 4.77
10496 8238 8229 1 4.92
10497 7473 8239 1 1.85
10501 8238 8202 1 16.39
10504 7470 17632 1 2.48
10513 8251 8125 1 43.18
10516 8254 8145 1 19.98
10517 8070 8254 1 34.6
10534 8267 8228 1 7.46
10538 8271 8119 1 74.06
10545 8271 8267 1 9.91
10555 8282 17694 1 4.56
10556 8137 8282 1 40.74
10559 8182 8285 1 23.79
10566 8238 8289 1 11.57
10575 8151 7503 1 31.94
10583 7490 8251 1 7.65
10593 8282 8307 1 4.34
10600 8307 7479 1 0.46
10612 7496 8167 1 47.12
10614 7490 8324 1 9.41
10615 8152 8325 1 35.02
10616 8326 8325 1 21.54
10624 8331 8129 1 31.63
10629 8334 8335 1 1.86
10630 8335 7479 1 4.52
10644 8271 8344 1 9.57
10645 8345 8121 1 32.53
10646 8056 8346 1 44.74
10647 8346 7483 1 15.16
10662 8152 17621 1 52.93
10665 17621 7491 1 8.67
10667 8358 8167 1 59.95
10672 7479 8362 1 7.88
10676 17632 8364 1 23.2
10682 17594 8324 1 6.66
10686 7483 8371 1 5.18
10689 8205 8374 1 22.96
10709 7492 17678 1 23.48
10710 17678 8254 1 17.57
10711 7496 17678 1 9.36
10714 8391 8326 1 10.18
10717 8392 17680 1 37.42
10718 8393 8331 1 7.92
10719 8362 8394 1 16.31
10720 8395 8364 1 8.58
10721 8396 8391 1 12.23
10725 8391 8399 1 3.6
10727 8401 17594 1 6.23
10728 8221 8402 1 39.03
10729 8393 8403 1 6.56
10732 8404 17632 1 17.47
10736 8399 8407 2 7.46
10737 8403 8408 1 26.67
10739 8409 8345 1 9.53
10740 8374 8393 1 19.55
10743 8409 8396 1 5.66
10744 8239 17633 1 18.12
10750 8344 8417 1 7.69
10751 8407 8418 1 1.09
10755 8404 17633 1 5.74
10757 8408 8401 1 11.62
10758 8395 8409 1 16.71
10769 8402 8429 1 4.27
10770 22464 8325 1 10.45
10773 8418 8430 1 7.95
10779 8418 22464 1 1.18
10781 8364 8404 1 22.59
10783 8289 8440 1 17.9
10790 17633 8440 1 15.03
10793 8446 17678 1 23.87
10814 17619 8222 1 28.55
10815 17619 8346 1 14.05
10817 8346 8462 1 12.94
10824 8468 8358 1 12.14
10825 17595 8408 1 5.34
10827 8371 8471 1 9.82
10831 8403 8475 1 8.61
10833 8374 17597 1 9.57
10837 8481 8446 1 17.46
10841 8440 8481 1 8.85
10851 8489 17621 1 13.34
10852 8490 8468 1 3.65
10856 8160 8494 1 61.81
10863 8500 17678 1 12.24
10865 8502 8392 1 52.46
10877 8285 8511 1 25.43
10878 8394 17700 1 27.92
10883 17595 8515 1 4.67
10884 8515 8516 1 4.83
10885 8171 8517 1 47.56
10886 8518 8392 1 24.43
10887 8517 8267 1 55.07
10892 8522 8334 1 19.51
10893 8429 8523 1 27.65
10899 8516 8526 1 13.29
10900 8395 8527 1 14.56
10913 8490 8518 1 13.0
10920 8511 17688 1 2.69
10921 8471 7499 1 7.25
10924 8523 8543 1 3.64
10925 8543 17688 1 1.53
10928 8526 8545 1 5.9
10929 8475 8545 1 7.1
10930 8515 7508 1 2.29
10932 17688 8547 1 1.72
10935 8462 7498 1 11.58
10936 7499 7498 1 3.0
10939 7494 8489 1 5.59
10940 7499 8550 1 2.05
10941 8551 17619 1 13.71
10945 8401 7507 1 20.97
10946 8551 8517 1 8.23
10948 8550 7494 1 8.38
10950 8547 8334 1 58.03
10951 8545 17602 1 1.58
10959 8324 8562 1 27.96
10969 8568 17619 1 12.17
10971 8430 8570 1 36.68
10973 7498 8572 1 3.22
10976 8396 7512 1 19.72
10979 8568 8551 1 15.87
10982 17602 8579 1 9.09
10990 8570 22468 1 4.79
10997 8588 8490 1 17.25
10999 8590 7509 1 4.53
11002 7495 8500 1 48.37
11004 8594 8568 1 11.45
11005 8572 8594 1 3.85
11006 22467 7494 1 7.67
11007 22468 22467 1 1.25
11010 17623 7497 1 1.95
11017 8602 17633 1 19.15
11019 7506 8604 1 15.18
11020 8562 8604 1 6.57
11021 8481 8605 1 19.86
11023 8607 17623 1 0.54
11024 7505 8590 1 24.01
11026 8594 8607 1 5.32
11028 8579 8610 1 7.01
11030 22467 8612 1 2.9
11031 17623 8613 1 3.06
11032 8613 21893 1 1.67
11035 8616 7493 1 3.57
11036 8612 8616 1 2.37
11041 8620 8588 1 10.35
11042 7509 8621 1 7.41
11048 8613 8623 1 1.42
11050 17601 8621 1 5.3
11052 8623 8627 1 0.45
11053 7495 8628 1 5.48
11054 8628 8620 1 4.7
11065 17602 8635 1 9.17
11067 8635 17601 1 6.24
11070 8594 8638 1 5.31
11071 8527 7522 1 22.84
11072 8602 7522 1 4.92
11075 8610 8641 1 6.64
11076 17597 8641 1 19.25
11080 8638 8644 1 3.03
11081 8616 8645 1 4.77
11082 8644 8646 1 1.07
11083 8627 8646 1 2.22
11090 17627 8645 1 1.88
11096 8594 8653 1 7.83
11097 8623 17627 1 4.4
11098 8654 8502 1 21.33
11101 8500 8657 1 17.28
11107 17627 8660 1 1.44
11108 8645 8660 1 2.6
11110 8646 7530 1 2.96
11116 7517 7513 1 14.08
11117 8660 7531 1 1.02
11119 8665 8654 1 23.6
11128 8657 8670 1 1.77
11134 8675 8665 1 20.78
11135 8676 7513 1 10.94
11136 8676 7517 1 5.7
11139 8605 8679 1 20.23
11140 8679 8670 1 19.92
11141 7531 8680 1 2.5
11142 8670 17681 1 10.96
11143 8654 8543 1 44.85
11145 8518 8683 1 32.3
11146 8684 8676 1 1.3
11148 8686 8522 1 20.1
11149 8683 8675 1 4.42
11154 8684 17634 1 0.47
11155 8686 8691 1 6.58
11156 8692 8653 1 8.26
11157 8691 17700 1 43.17
11163 8697 8692 1 1.35
11164 22467 8698 1 14.09
11165 8547 8699 1 22.7
11166 8699 8522 1 56.74
11171 8698 8703 1 0.83
11173 8494 8705 1 27.61
11174 7518 8706 1 7.93
11177 17681 8628 1 38.93
11181 8711 8697 1 4.91
11182 8680 8711 1 4.9
11185 8714 8590 1 14.8
11192 8718 8711 1 4.85
11193 8680 8718 1 5.28
11199 8722 8602 1 19.76
11201 8703 8718 1 10.67
11202 8621 8724 1 14.58
11203 7505 8725 1 19.24
11204 8722 8679 1 34.48
11205 8726 8725 1 10.1
11206 8727 17681 1 6.11
11208 8711 8728 1 2.65
11210 8730 8722 1 1.66
11213 8733 7512 1 22.4
11224 8698 8741 1 13.24
11225 8725 17598 1 2.41
11226 8743 8684 1 13.77
11228 8745 8724 1 5.01
11230 17598 8747 1 3.06
11232 8749 8733 1 25.75
11233 8417 8750 1 62.34
11234 8751 8743 1 10.76
11235 8752 8641 1 15.8
11240 8733 8751 1 5.43
11243 8752 8757 1 1.5
11244 17599 8714 1 6.78
11245 17599 8745 1 4.22
11246 8759 17628 1 0.63
11247 8741 8761 1 10.17
11248 8761 17628 1 2.13
11249 17634 8730 1 36.09
11251 8749 17628 1 19.11
11255 7504 8766 1 40.14
11261 8771 8665 1 19.36
11266 8774 8726 1 8.49
11268 8776 8727 1 9.78
11270 8727 8778 1 8.3
11271 17599 8774 1 8.77
11274 8747 17540 1 16.13
11278 8784 8604 1 27.78
11280 8784 17540 1 7.44
11282 8786 17601 1 23.15
11283 8718 8787 1 11.47
11288 8791 8752 1 20.8
11291 8794 8786 1 2.28
11292 8794 8791 1 8.46
11295 8562 8797 1 57.53
11296 8798 8776 1 4.27
11298 8745 8799 1 13.28
11299 8799 8786 1 14.57
11300 8794 8800 1 2.42
11301 8728 8801 1 15.36
11302 8802 8797 1 2.12
11303 8803 8759 1 12.43
11304 8804 8766 1 7.85
11306 8806 8743 1 13.82
11310 8809 8686 1 19.37
11311 8730 8810 1 44.74
11313 8812 8798 1 5.25
11314 8813 8801 1 3.59
11316 8815 8683 1 22.89
11317 8800 8816 1 4.81
11318 8817 8810 1 15.76
11319 8817 8812 1 1.29
11320 8111 8818 1 119.28
11323 8821 8751 1 19.87
11324 8749 8821 1 27.69
11326 8823 8813 1 1.82
11329 8825 8797 1 20.06
11330 8826 8827 1 16.78
11332 8806 8829 1 16.65
11334 8818 8826 1 6.49
11335 8831 8823 1 1.39
11336 8784 17539 1 13.48
11337 8778 8833 1 12.3
11340 8836 8825 1 14.18
11341 17539 8836 1 1.44
11342 8837 8817 1 2.88
11344 8787 8803 1 33.03
11348 8653 8840 1 38.81
11349 8829 8821 1 12.97
11350 8757 17604 1 20.17
11352 8705 17607 1 26.12
11359 8849 17628 1 24.03
11367 8854 8836 1 7.31
11374 8859 8778 1 18.87
11377 8861 8837 1 14.72
11378 8833 8861 1 4.76
11381 8863 17598 1 31.84
11382 8774 8863 1 21.74
11383 8864 8802 1 13.84
11384 8865 8816 1 10.78
11385 17604 8865 1 5.18
11389 8859 8861 1 12.11
11394 8871 8863 1 3.6
11395 8872 17599 1 21.97
11396 8813 8873 1 17.78
11397 8873 8728 1 27.31
11398 8874 8864 1 14.23
11399 8864 8854 1 19.75
11400 8875 8806 1 13.45
11401 8876 8804 1 14.34
11402 8872 8863 1 21.06
11404 8865 8878 1 2.64
11405 8803 8879 1 21.02
11408 8827 8876 1 51.22
11409 8849 8882 1 16.33
11410 8882 8821 1 23.46
11413 17700 8885 1 54.59
11415 8886 8887 1 17.53
11419 8872 8886 1 9.96
11421 8891 8840 1 10.13
11422 8892 8771 1 33.7
11423 8892 8699 1 63.95
11429 8892 8896 1 0.84
11430 17607 8897 1 13.22
11432 17603 8887 1 3.91
11433 8816 17603 1 16.06
11438 8891 17622 1 3.32
11439 8903 8871 1 6.01
11440 8878 17603 1 10.16
11442 8905 8906 1 0.32
11444 8908 8906 1 1.11
11445 8802 8908 1 27.87
11446 8818 17538 1 17.46
11447 8906 17538 1 2.6
11448 8908 8874 1 15.84
11450 8910 8878 1 10.77
11452 17604 8912 1 41.94
11458 8864 8917 1 32.74
11459 8917 17539 1 16.31
11460 8891 8918 1 11.93
11462 8912 8920 1 2.78
11465 8922 8831 1 16.75
11468 8918 17624 1 1.42
11470 17603 8926 1 6.15
11473 8929 8879 1 20.83
11475 17624 22463 1 7.14
11476 22462 8922 1 4.26
11477 8933 8837 1 34.1
11478 8873 8934 1 17.0
11479 8787 8934 1 29.34
11482 8903 8936 1 24.99
11485 17622 8938 1 7.59
11492 8859 8943 1 16.41
11497 8946 8917 1 5.41
11500 8917 8936 1 16.61
11502 8949 8938 1 3.83
11507 8908 8953 1 8.24
11516 8887 8959 1 21.66
11519 8961 8962 1 9.57
11520 8963 8910 1 9.7
11521 8934 8964 1 12.69
11522 8964 8929 1 11.25
11524 17605 8926 1 8.4
11525 8967 8872 1 20.29
11526 8968 8946 1 10.08
11527 17605 8963 1 22.06
11528 8750 8969 1 52.92
11529 8969 8949 1 8.98
11532 8972 8967 1 0.78
11533 8973 8974 1 14.68
11534 8974 8975 1 10.03
11535 8975 8815 1 40.42
11536 8976 8975 1 0.78
11537 8976 8896 1 39.22
11538 8962 8969 1 11.86
11539 8977 8961 1 4.32
11540 8879 8978 1 24.06
11541 8979 8972 1 0.95
11543 8897 8981 1 17.98
11544 8982 8973 1 41.58
11545 8983 8946 1 18.03
11547 8972 8959 1 15.68
11548 8875 8985 1 19.92
11549 8979 17600 1 5.34
11550 8981 8977 1 35.75
11551 22462 8987 1 15.98
11553 8989 8873 1 27.65
11554 8987 8989 1 8.1
11555 8990 8903 1 21.36
11556 17600 8990 1 10.28
11557 8934 8991 1 10.68
11559 17541 8968 1 4.83
11560 8985 8994 1 2.53
11563 8997 8982 1 11.71
11564 8943 8997 1 23.95
11565 8861 8998 1 27.22
11566 8989 8991 1 14.56
11569 8875 9001 1 36.78
11571 8981 17608 1 7.07
11574 9005 22463 1 8.98
11575 9006 8991 1 5.45
11576 8920 17608 1 52.75
11578 8953 17541 1 44.67
11579 9007 8983 1 29.55
11583 9010 17605 1 11.44
11585 9012 9006 1 4.32
11586 17608 9013 1 3.47
11587 8885 9014 1 32.15
11588 8994 9015 1 5.74
11590 8699 9017 1 81.65
11592 9019 9013 1 3.82
11593 9020 9010 1 3.53
11595 8978 9022 1 14.37
11600 9026 9020 1 14.76
11601 9027 9005 1 10.04
11602 9028 8809 1 43.78
11603 9029 8876 1 35.68
11608 9032 8976 1 41.22
11609 8896 9032 1 35.81
11610 8979 9033 1 17.26
11611 9033 9026 1 6.73
11612 9034 8977 1 14.86
11613 17537 17538 1 77.36
11616 9015 9037 1 4.68
11617 9037 9038 1 6.36
11618 9033 9007 1 23.95
11623 9043 8963 1 39.01
11627 9046 9012 1 9.88
11633 9001 9052 1 20.88
11640 9050 9057 1 1.77
11647 9015 9062 1 20.63
11650 9064 9043 1 12.68
11651 9064 9065 1 2.97
11652 9014 9050 1 32.33
11653 9019 9066 1 9.97
11658 9070 9019 1 31.18
11660 9038 17635 1 10.46
11663 9001 17635 1 23.56
11664 8975 9074 1 31.98
11668 9077 9070 1 1.69
11669 9065 9070 1 16.89
11673 9081 9064 1 4.18
11674 17687 9032 1 12.47
11675 9074 9083 1 2.25
11677 9085 17687 1 31.17
11679 9087 8882 1 57.86
11681 9022 9087 1 19.05
11685 9062 9087 1 46.47
11688 9020 9092 1 17.95
11689 9066 9093 1 6.57
11693 9096 9057 1 9.22
11698 9101 17635 1 22.42
11703 8943 9104 1 33.87
11704 9013 9105 1 18.37
11706 9062 9106 1 11.28
11707 9107 9077 1 6.52
11708 9052 9108 1 26.83
11709 9108 8998 1 32.18
11710 9101 9106 1 5.61
11716 9046 9114 1 20.08
11720 9087 9118 1 7.16
11725 9121 9081 1 12.4
11728 9108 9122 1 13.03
11735 9104 9127 1 3.63
11736 9127 9128 1 8.56
11738 9130 9057 1 39.5
11739 9093 9131 1 5.84
11740 9105 9131 1 6.87
11742 9133 9034 1 21.12
11743 9134 9130 1 0.59
11744 9134 9096 1 28.11
11748 9106 9137 1 7.28
11752 9127 9139 1 2.09
11756 8938 9141 1 42.65
11757 17625 9141 1 0.56
11758 9141 9005 1 33.29
11761 8962 9141 1 54.82
11762 9128 17682 1 56.26
11763 9131 9145 1 3.54
11765 9147 9133 1 4.36
11768 9083 9149 1 12.65
11769 9133 9150 1 3.14
11771 17682 9152 1 2.54
11772 9149 9152 1 18.93
11776 9105 9155 1 9.92
11783 9139 9161 1 4.23
11785 9122 9163 1 26.59
11786 9155 9164 1 4.12
11787 9165 9027 1 37.83
11788 9166 9114 1 10.17
11789 17609 9107 1 24.3
11790 17609 9145 1 6.36
11791 9168 9108 1 13.87
11792 17609 9169 1 0.38
11799 9163 9161 1 14.93
11811 9185 17635 1 25.62
11812 9145 9164 1 16.01
11813 9147 9186 1 9.2
11814 9187 9186 1 10.08
11819 9092 9190 1 18.59
11820 9161 9191 1 41.28
11821 17687 9192 1 27.71
11826 17548 8953 1 51.01
11827 9166 9165 1 51.44
11828 9197 9134 1 16.05
11830 17610 9155 1 12.45
11831 9186 17610 1 20.94
11832 9029 9200 1 37.79
11835 9204 9205 1 34.13
11836 9206 9205 1 48.13
11840 9205 9213 1 19.19
11841 9214 9213 1 3.72
11849 9225 9226 1 13.54
11853 9232 9233 1 14.13
11857 9226 17741 1 22.4
11858 9241 17741 1 56.86
11861 9245 9246 1 25.59
11863 9249 9246 1 5.47
11867 17659 9245 1 11.48
11868 9255 9256 1 50.28
11871 9261 9262 1 30.41
11879 9275 17648 1 21.64
11880 17648 9277 1 11.07
11889 9290 9291 1 21.11
11919 9334 9033 1 45.11
11922 9141 17626 1 17.61
11924 17626 9338 1 10.62
11925 9339 17610 1 16.5
11926 9340 9121 1 18.49
11927 9341 17609 1 9.4
11928 9150 9342 1 18.43
11934 9341 9339 1 18.97
11938 9342 9187 1 12.91
11940 9338 9342 1 37.76
11941 9190 9350 1 38.45
11942 9340 9350 1 7.59
11947 17626 9354 1 11.47
11948 9017 17725 1 54.95
11949 17725 9028 1 41.52
11950 17725 9134 1 91.65
11951 9356 9137 1 22.85
11952 9357 9341 1 4.26
11953 9185 9356 1 38.53
11959 9118 9362 1 36.75
11960 9363 17541 1 53.66
11961 9362 9356 1 10.86
11963 9365 17642 1 13.69
11965 9368 9363 1 1.31
11966 9357 9369 1 9.73
11967 9185 9365 1 18.21
11968 9370 17725 1 1.97
11974 9374 9354 1 4.22
11979 17642 9377 1 16.79
11980 9377 9168 1 32.94
11981 9378 9369 1 11.74
11983 9380 9166 1 27.46
11987 9383 9380 1 26.3
11989 9385 9362 1 17.17
11990 17612 9378 1 2.65
11991 9191 9386 1 99.78
11992 9192 9386 1 24.89
11993 9186 9387 1 16.89
11994 9161 9388 1 23.44
11998 9392 9370 1 5.92
12000 9393 9340 1 14.95
12001 9393 17612 1 21.92
12005 9350 9395 1 11.93
12006 9396 9383 1 9.8
12011 9354 9396 1 46.18
12012 9386 9399 1 24.88
12013 9363 9400 1 16.96
12016 9380 9385 1 32.43
12017 9399 9392 1 32.11
12018 9395 9402 1 2.9
12020 17610 9404 1 21.83
12022 9406 9374 1 9.86
12029 17626 9410 1 22.22
12031 9409 9096 1 49.19
12038 9416 17548 1 28.96
12039 17690 9386 1 11.37
12040 9418 9416 1 0.26
12042 9420 9418 1 0.54
12043 9421 9392 1 8.08
12045 9410 9423 1 3.48
12046 9402 9424 1 5.34
12047 9393 9424 1 25.63
12048 9357 9425 1 32.52
12058 9342 17636 1 35.71
12059 9433 9368 1 29.78
12062 9416 9435 1 16.25
12063 9404 9436 1 9.72
12064 9387 9436 1 16.84
12067 9439 9406 1 26.71
12068 9396 9439 1 13.88
12069 9425 17613 1 6.98
12071 9369 9442 1 20.35
12072 9377 9443 1 31.47
12076 17547 9418 1 8.9
12079 9448 9449 1 18.41
12080 17636 9449 1 4.98
12082 17547 9451 1 0.73
12083 9435 9452 1 11.77
12084 9452 9433 1 4.74
12085 9489 9453 1 9.18
12086 9454 17690 1 10.45
12095 17616 9448 1 17.27
12099 17615 9436 1 5.96
12100 9400 9464 1 61.58
12101 9464 9334 1 38.05
12102 9465 9466 1 0.82
12103 9449 9467 1 4.47
12104 17615 9465 1 3.46
12106 9468 9469 1 6.55
12108 9442 9470 1 6.59
12117 9443 17689 1 56.06
12118 9388 17689 1 25.01
12126 9467 9482 1 5.55
12127 17637 9482 1 0.32
12128 9484 9453 1 6.63
12129 9469 9485 1 11.04
12130 9485 17615 1 5.91
12133 9488 9484 1 5.58
12134 9439 9488 1 10.58
12136 9423 9489 1 17.02
12138 9482 9491 1 3.69
12139 9492 9409 1 22.35
12141 9485 9494 1 5.72
12143 17612 9496 1 27.21
12144 9492 17731 1 4.29
12145 9498 9197 1 40.97
12146 9470 9204 1 13.02
12147 9491 9499 1 4.75
12148 9499 9423 1 26.25
12156 9494 17614 1 6.25
12157 9507 9451 1 34.82
12158 9507 9452 1 12.59
12160 9509 9454 1 15.56
12169 9514 9507 1 4.6
12171 9496 9515 1 6.5
12177 9520 9377 1 48.49
12178 9521 9464 1 52.77
12179 9521 9424 1 24.85
12180 17616 9522 1 34.9
12181 17614 9523 1 5.49
12183 9525 9421 1 32.05
12187 9451 9527 1 27.35
12188 9527 9514 1 4.87
12190 9365 9529 1 47.58
12195 9533 9521 1 25.04
12196 9522 9534 1 9.52
12197 9534 9499 1 15.67
12212 9499 9546 1 28.02
12213 9489 9546 1 20.13
12215 9548 9488 1 99.38
12225 9529 9555 1 26.07
12230 9521 9559 1 23.71
12231 9515 9560 1 13.63
12237 9555 9565 1 4.82
12240 9567 9509 1 20.77
12241 9567 9568 1 0.41
12244 9571 9520 1 23.35
12246 9548 9555 1 47.59
12252 9206 9533 1 23.38
12253 9560 9206 1 3.6
12258 9523 9214 1 18.53
12259 9565 9571 1 36.7
12267 9579 9498 1 31.02
12269 9492 9579 1 67.86
12273 9583 17689 1 46.27
12277 17689 9586 1 56.86
12278 9534 9213 1 56.46
12279 9587 9527 1 22.19
12280 17547 9588 1 43.72
12304 9206 9605 1 11.58
12307 9571 9583 1 59.01
12308 9607 9579 1 22.96
12309 9555 9608 1 33.66
12322 17726 9421 1 69.2
12323 9567 9618 1 47.44
12324 9618 9525 1 33.6
12327 9583 9619 1 51.82
12328 9619 9586 1 20.07
12329 9618 9620 1 11.76
12331 9622 9587 1 9.43
12335 9627 17664 1 0.45
12336 9629 17733 1 15.32
12337 9521 9631 1 33.54
12338 9632 17726 1 3.34
12341 9586 9635 1 21.31
12342 9534 9636 1 32.13
12344 9620 9632 1 14.15
12349 17727 9632 1 17.25
12351 9559 9641 1 29.83
12354 9200 9643 1 90.49
12355 9644 9507 1 49.29
12356 9605 9645 1 11.81
12357 9646 9607 1 16.74
12361 9631 9649 1 11.85
12362 9568 9650 1 48.08
12373 9659 9646 1 9.26
12378 9659 17727 1 21.86
12379 9635 9663 1 40.69
12383 9213 9666 1 36.23
12384 17731 9667 1 61.31
12389 9636 9669 1 14.11
12391 9666 9671 1 14.3
12393 9671 9673 1 18.58
12395 9663 9674 1 14.77
12396 9650 9674 1 25.92
12400 9669 9678 1 4.0
12406 9683 9684 1 7.25
12407 9683 9685 1 5.44
12409 9571 9687 1 47.61
12410 9688 9689 1 16.76
12414 9641 9692 1 18.03
12415 9692 9649 1 30.1
12419 9685 17641 1 32.23
12423 9608 9697 1 41.96
12424 9698 9622 1 34.31
12425 9546 22473 1 49.62
12427 17638 9701 1 54.08
12428 9701 9683 1 5.81
12429 9671 9702 1 6.96
12431 17641 9704 1 8.9
12432 9704 9548 1 52.76
12433 9673 9678 1 36.36
12434 9697 9704 1 16.37
12437 9678 17638 1 57.55
12440 9708 9709 1 20.97
12441 9709 9671 1 24.84
12442 9710 9674 1 17.07
12444 9645 9712 1 23.07
12445 9708 9712 1 9.88
12451 9718 9632 1 31.96
12452 9718 9659 1 31.62
12457 9722 9644 1 25.3
12458 9722 9689 1 31.4
12459 9723 9698 1 36.2
12460 9644 9723 1 33.06
12461 9712 9724 1 8.02
12466 17638 22474 1 4.68
12473 9709 9734 1 14.96
12474 9702 9734 1 12.75
12480 9739 9723 1 6.65
12481 9722 9739 1 12.22
12483 17549 9739 1 1.11
12484 9643 9741 1 46.48
12485 9583 9742 1 56.28
12486 9635 9743 1 47.84
12487 17549 9698 1 51.13
12488 9718 9744 1 8.29
12495 9698 9749 1 21.98
12496 9750 9618 1 46.89
12497 17542 9588 1 54.21
12498 9631 9752 1 43.39
12499 9724 9752 1 45.91
12500 9753 9568 1 95.5
12501 17611 9752 1 0.33
12504 9756 9757 1 4.27
12505 17542 9756 1 0.41
12509 9757 9760 1 6.3
12510 9741 9757 1 84.82
12511 9749 9756 1 8.43
12515 9667 9763 1 32.62
12517 9744 9764 1 10.73
12518 9765 9752 1 13.47
12519 9701 9729 1 58.67
12520 9766 9710 1 24.78
12522 9768 17549 1 18.74
12523 9769 9770 1 7.78
12529 9777 9778 1 9.81
12532 9752 9781 1 5.07
12533 9782 9765 1 9.16
12534 9749 9783 1 34.42
12536 9783 9768 1 31.81
12541 9778 9782 1 21.44
12546 9781 9790 1 16.85
12547 9734 9791 1 33.45
12551 9777 9692 1 24.97
12554 9797 9704 1 32.37
12557 9800 9753 1 11.73
12558 9760 9801 1 22.0
12560 17728 9804 1 1.96
12561 9764 9805 1 28.95
12565 9808 9768 1 14.59
12566 9805 9804 1 6.56
12568 9810 17728 1 1.65
12569 9811 17728 1 2.23
12570 9812 9813 1 43.76
12571 9689 9814 1 38.37
12572 9814 9812 1 1.9
12573 9763 9815 1 19.76
12574 9678 9816 1 36.65
12577 9816 9818 1 8.51
12578 9687 9819 1 61.86
12579 9756 9820 1 15.19
12580 9820 9749 1 20.33
12582 9814 9808 1 23.46
12586 9824 9764 1 15.55
12590 9766 9828 1 18.11
12592 9819 9830 1 4.44
12593 9800 9831 1 14.05
12594 9831 9750 1 19.13
12596 17641 9833 1 42.47
12597 9804 9834 1 11.17
12600 9837 9838 1 15.12
12602 9816 9840 1 7.73
12605 9842 9743 1 27.55
12606 9828 9837 1 21.95
12607 9831 9811 1 21.28
12608 9838 9842 1 10.86
12611 9791 9844 1 13.25
12614 9828 9800 1 38.13
12617 9847 9797 1 23.06
12618 9847 9830 1 9.23
12619 9848 9811 1 11.08
12623 9791 9852 1 18.13
12624 9840 9852 1 10.79
12626 17617 9852 1 0.69
12635 9833 9847 1 41.84
12639 9818 9860 1 53.57
12640 9860 9861 1 3.14
12641 9729 9861 1 37.46
12643 9863 9833 1 26.03
12646 9844 9866 1 17.05
12648 9830 9868 1 13.78
12651 9870 9824 1 13.65
12653 9872 9769 1 47.04
12654 9742 9769 1 43.49
12655 9873 9872 1 12.19
12659 9878 9820 1 16.08
12660 9770 9879 1 39.79
12663 9870 9834 1 34.88
12671 9833 9886 1 19.3
12673 9888 9878 1 4.08
12674 9768 9888 1 88.72
12675 9770 9889 1 16.59
12681 9868 9873 1 50.64
12690 9900 9861 1 15.44
12719 9918 22479 1 23.46
12720 22479 9863 1 41.57
12722 9847 9920 1 27.36
12731 9929 9810 1 33.37
12732 9929 9834 1 40.62
12734 9931 9812 1 33.75
12735 9886 9932 1 16.29
12748 9852 9940 1 33.24
12749 9941 9942 1 37.87
12753 9920 9945 1 6.26
12754 9946 9947 1 0.33
12757 9949 9929 1 5.01
12758 9889 9950 1 68.39
12759 9873 9951 1 29.95
12762 17617 9953 1 36.39
12764 9815 9956 1 46.65
12765 17691 9842 1 45.37
12766 9932 9958 1 9.58
12767 9959 9888 1 20.34
12768 9956 9946 1 42.1
12769 9950 17691 1 33.1
12771 9961 9962 1 44.48
12782 9029 17537 1 0.27
12783 9813 9777 1 7.69
12784 9956 9972 1 5.45
12793 9980 9900 1 27.95
12794 9468 17613 1 0.11
12796 9466 17616 1 0.54
12799 9958 9981 1 9.68
12805 17550 9931 1 17.2
12806 9900 22477 1 4.57
12811 9992 9993 1 21.79
12812 9945 9994 1 21.05
12813 9994 9995 1 2.74
12814 9996 9992 1 18.06
12815 9996 17691 1 47.5
12825 10003 17643 1 20.34
12826 9995 10005 1 7.05
12829 10005 17643 1 4.41
12832 9940 10009 1 28.82
12835 9987 17640 1 1.63
12836 9932 10012 1 38.99
12837 9953 17618 1 35.53
12839 10016 9996 1 8.81
12844 9866 10020 1 53.67
12848 9972 10023 1 39.18
12858 10020 10029 1 12.79
12868 9962 10020 1 46.06
12875 9981 10040 1 14.34
12878 9959 10042 1 29.35
12887 10029 10048 1 13.09
12888 17618 10048 1 6.51
12893 10053 10003 1 20.23
12899 10057 9870 1 59.25
12902 10060 10016 1 36.45
12903 10060 9848 1 66.19
12904 10061 10060 1 39.28
12905 10062 10061 1 0.42
12906 9949 10062 1 31.68
12908 10040 10063 1 10.32
12909 17730 10062 1 41.6
12910 10057 17730 1 3.61
12915 10068 10005 1 14.11
12916 10023 17730 1 91.42
12919 9972 10070 1 28.62
12920 10063 10071 1 11.71
12921 10071 9994 1 18.38
12923 10073 10071 1 2.94
12924 10009 10074 1 26.94
12926 10068 10076 1 9.27
12927 10077 10073 1 2.61
12928 10076 10077 1 4.35
12949 10074 10095 1 6.42
12950 9980 10095 1 44.69
12954 17730 10098 1 13.56
12960 9987 10103 1 35.5
12961 10042 10104 1 17.53
12962 10103 10105 1 0.21
12973 10048 10114 1 41.27
12974 9942 10115 1 49.57
12977 10115 10118 1 6.46
12979 9769 10119 1 69.44
12980 9993 10119 1 108.15
12982 10121 17550 1 50.52
12985 10105 10124 1 13.07
12986 10119 10125 1 2.99
13003 10138 10068 1 21.32
13004 10114 10139 1 16.02
13006 10124 10140 1 10.87
13007 10141 10095 1 13.07
13008 10142 10053 1 40.44
13014 10098 10148 1 10.91
13015 10140 10141 1 9.07
13016 10149 10105 1 9.99
13021 10125 10154 1 14.65
13023 10154 10142 1 39.11
13024 10118 10121 1 31.91
13026 10139 17639 1 14.72
13027 10095 17639 1 15.84
13033 10070 10161 1 27.31
13034 10115 10162 1 11.26
13047 10170 10060 1 29.75
13051 9255 10170 1 13.99
13073 10187 10149 1 13.92
13076 10062 10190 1 34.33
13084 10196 10098 1 42.78
13086 10141 10197 1 16.1
13089 10199 10196 1 3.21
13092 10203 10187 1 4.76
13103 9255 17729 1 38.56
13104 10190 17729 1 7.11
13105 17729 10199 1 16.66
13109 10125 10214 1 23.4
13126 10012 10225 1 56.8
13127 10225 10071 1 50.11
13131 10225 17656 1 0.91
13138 10234 10203 1 8.11
13139 9233 17639 1 25.03
13161 10214 10244 1 12.31
13169 17656 10249 1 14.24
13170 10161 9225 1 36.9
13191 10197 10258 1 27.29
13192 10258 10234 1 14.68
13215 10258 10274 1 5.93
13232 10284 17729 1 37.85
13233 17662 10286 1 6.1
13234 10287 17662 1 33.95
13240 10291 9232 1 12.44
13246 9245 10138 1 57.42
13247 17656 9246 1 31.1
13251 10249 10297 1 28.17
13255 9256 10284 1 13.44
13258 10048 10303 1 86.62
13264 10244 10307 1 38.7
13265 10148 17736 1 55.85
13266 10297 10309 1 8.93
13272 10313 10287 1 42.82
13274 17646 10291 1 10.01
13275 17659 10316 1 20.19
13276 17657 10318 1 27.14
13277 10274 17657 1 18.23
13278 10309 17657 1 23.09
13279 10307 10313 1 8.07
13282 10316 10286 1 21.15
13289 10326 10297 1 8.61
13290 17736 10327 1 16.61
13299 9256 10336 1 6.61
13310 10345 9249 1 15.84
13316 10318 17646 1 34.74
13321 10350 10326 1 6.13
13322 10351 10350 1 7.39
13324 17659 10353 1 12.0
13325 10345 10351 1 8.45
13326 10327 10354 1 21.92
13339 10363 17550 1 107.22
13347 10354 10368 1 7.95
13349 17741 10370 1 40.97
13354 10303 10373 1 15.47
13357 10373 10376 1 33.75
13361 10162 17644 1 68.62
13362 10379 10303 1 36.04
13368 10385 10345 1 8.94
13371 17646 10379 1 63.3
13373 17736 10387 1 17.69
13375 17657 10389 1 16.97
13376 10390 10353 1 9.4
13377 10391 17644 1 17.45
13378 10392 10391 1 14.5
13379 10376 10392 1 12.97
13386 10396 10353 1 10.09
13390 10398 10390 1 2.87
13394 17742 10368 1 12.56
13395 10370 17742 1 16.25
13408 10373 10412 1 13.09
13410 9246 10415 1 30.67
13411 10415 10390 1 16.16
13415 10385 10419 1 13.91
13421 17741 10424 1 37.41
13426 10427 10396 1 8.3
13433 10432 10336 1 31.95
13438 10435 10398 1 14.7
13441 10437 17646 1 32.45
13445 10440 10427 1 5.39
13446 10440 10435 1 5.52
13465 10313 10452 1 33.8
13466 10427 10453 1 31.36
13472 10453 10458 1 24.11
13473 10389 10459 1 31.81
13479 17661 10440 1 8.3
13480 10465 10392 1 39.82
13481 10412 10465 1 20.97
13484 10419 10467 1 18.8
13485 10467 10468 1 16.49
13486 10469 10387 1 28.4
13487 10468 10470 1 4.97
13489 10415 22472 1 7.37
13490 10459 10472 1 29.57
13492 10471 17660 1 3.85
13493 10472 10475 1 2.44
13494 10475 10467 1 6.05
13495 10452 10476 1 7.08
13496 10470 17660 1 19.6
13504 10471 17661 1 25.51
13510 10485 17742 1 30.77
13514 10336 10488 1 54.85
13515 10489 10488 1 1.63
13521 10495 10432 1 36.78
13530 10488 10495 1 15.76
13542 17660 10507 1 9.18
13551 10515 10489 1 39.41
13552 10515 10469 1 18.3
13561 17644 10522 1 67.61
13563 10485 10524 1 16.11
13565 10526 10515 1 4.56
13571 10458 10532 1 33.96
13581 10539 10526 1 40.04
13582 10387 10539 1 51.6
13584 10541 10437 1 73.87
13586 10543 10507 1 9.71
13587 10404 10544 1 71.09
13597 10543 10553 1 14.51
13600 17737 10539 1 28.43
13601 10524 17737 1 7.99
13603 10507 10557 1 31.0
13608 10553 10561 1 11.77
13613 10561 10565 1 2.13
13617 10568 10522 1 11.13
13618 10569 17737 1 3.37
13619 10570 10569 1 10.44
13620 10571 10459 1 36.6
13625 10565 10575 1 8.27
13628 10532 10577 1 10.53
13631 10424 10580 1 53.08
13632 10571 10581 1 10.61
13635 10584 10541 1 26.27
13636 10580 17743 1 0.6
13639 10584 10587 1 1.73
13640 10571 10588 1 17.74
13647 10594 10575 1 5.5
13649 10561 10595 1 5.99
13650 10588 10594 1 16.31
13656 10581 10600 1 11.17
13657 10476 10601 1 34.09
13659 10603 17743 1 33.52
13663 10603 10606 1 2.56
13668 10544 10609 1 35.01
13669 10609 10363 1 69.92
13675 10606 10570 1 36.22
13689 10621 10568 1 22.01
13690 10622 10584 1 29.81
13691 10577 10601 1 29.0
13693 10624 10568 1 18.66
13694 10488 10625 1 37.46
13695 10625 10526 1 25.93
13696 10587 17647 1 22.9
13697 17732 10601 1 10.93
13699 10630 10622 1 24.85
13700 10631 10630 1 10.34
13701 10600 10631 1 40.45
13705 10465 10636 1 50.79
13707 10638 10636 1 4.21
13708 9262 10577 1 31.15
13710 17647 10638 1 25.55
13713 17666 9262 1 11.56
13718 10646 10522 1 53.99
13719 10646 10636 1 21.4
13720 10587 10647 1 20.73
13722 10557 10649 1 32.08
13726 10649 17666 1 15.22
13731 10609 10656 1 22.72
13732 10624 10656 1 56.8
13734 10631 10658 1 17.41
13735 10543 10659 1 29.59
13736 10659 10649 1 38.45
13738 10646 10621 1 33.75
13739 10656 10661 1 2.06
13750 10661 10671 1 2.52
13752 10595 10673 1 22.38
13758 10671 17578 1 3.09
13765 17649 17647 1 18.71
13766 10647 17649 1 16.28
13767 10646 9275 1 26.91
13768 10638 9275 1 18.85
13769 10673 10681 1 4.33
13794 10681 10700 1 8.61
13796 17732 10701 1 31.46
13801 10601 10704 1 29.84
13806 17650 10622 1 36.55
13809 10658 17650 1 21.37
13811 9277 17649 1 16.82
13812 10710 10568 1 51.72
13814 10569 10712 1 59.24
13818 10606 10716 1 34.48
13819 10717 17649 1 18.57
13829 17648 10721 1 0.77
13832 17578 10724 1 25.24
13838 10539 10729 1 55.7
13840 10712 10729 1 17.04
13842 10716 17744 1 25.86
13846 10734 9261 1 6.8
13848 10704 9629 1 11.99
13853 10741 17650 1 51.41
13854 10581 10741 1 60.89
13858 10744 10717 1 13.74
13862 10748 10744 1 9.89
13865 10721 10748 1 18.46
13871 10754 10744 1 6.74
13883 17650 10761 1 33.97
13886 10724 10762 1 12.9
13894 10767 10710 1 26.78
13897 10770 10761 1 18.25
13898 10771 10734 1 10.51
13901 10762 10773 1 2.54
13902 10773 10767 1 1.3
13906 10770 10754 1 11.62
13907 10773 17645 1 0.6
13908 17645 10767 1 1.62
13912 10700 10779 1 28.27
13913 10780 10741 1 16.61
13921 17733 10771 1 16.57
13922 10701 9629 1 35.63
13923 10773 10787 1 5.34
13924 10741 10788 1 22.42
13927 9291 10625 1 60.18
13962 10729 10815 1 27.01
13963 17738 10815 1 22.39
13967 17738 10820 1 19.25
13969 10659 17663 1 51.71
13989 10771 17667 1 33.09
13990 10837 10770 1 26.08
13992 10754 10838 1 24.24
13997 10840 17663 1 19.67
14017 10855 10840 1 20.8
14018 17667 10855 1 13.38
14023 10815 17739 1 16.82
14025 10820 10861 1 39.02
14027 10863 10780 1 47.77
14028 10779 10863 1 33.6
14032 10861 9290 1 38.03
14037 17663 10870 1 19.84
14040 10873 10830 1 18.72
14045 10855 10878 1 15.31
14051 10883 10870 1 5.53
14052 10884 10870 1 3.44
14053 10884 10878 1 7.46
14057 9290 17734 1 29.79
14063 10891 10721 1 78.59
14065 10893 9627 1 0.37
14066 10894 10837 1 28.14
14068 10896 10894 1 32.67
14069 17664 10883 1 27.46
14083 10908 10891 1 21.19
14085 10911 10873 1 12.4
14087 10878 10913 1 14.4
14090 17734 10915 1 45.85
14119 10787 10937 1 52.52
14135 10913 10855 1 43.21
14136 10788 10949 1 80.8
14138 17739 10951 1 23.01
14150 17734 10962 1 15.73
14152 10964 10937 1 27.77
14153 10787 10964 1 56.67
14154 10767 10964 1 53.39
14156 10951 10966 1 28.07
14162 17740 10951 1 3.7
14173 10977 10896 1 43.4
14174 10964 10978 1 4.82
14178 10884 10980 1 23.62
14182 17658 10863 1 33.01
14184 10962 10985 1 23.9
14185 10985 9290 1 32.11
14196 10980 17665 1 3.87
14199 10915 10997 1 42.46
14201 10999 17658 1 8.66
14212 10999 11008 1 12.64
14213 11008 10893 1 26.86
14224 11018 10851 1 62.4
14225 10985 11019 1 38.86
14226 17733 11020 1 61.11
14236 11028 11019 1 6.21
14239 10997 11030 1 57.25
14257 11041 17740 1 50.03
14259 11028 11041 1 24.44
14263 11047 10980 1 25.49
14270 11055 10908 1 63.1
14274 11020 11059 1 11.96
14283 11066 11103 1 18.79
14285 11030 11059 1 62.62
14289 10937 11066 1 49.06
14300 11059 11079 1 12.69
14303 10977 11081 1 35.68
14307 10949 11084 1 46.97
14308 17658 11084 1 76.25
14309 17651 11055 1 9.9
14313 11084 11088 1 7.02
14314 10966 11089 1 81.32
14315 10894 11090 1 61.34
14316 11088 11091 1 12.87
14317 11089 11092 1 24.92
14318 11092 11040 1 20.39
14319 11091 11081 1 8.8
14324 10978 11096 1 35.32
14326 11096 17651 1 20.58
14327 11096 11098 1 35.58
14328 11099 11008 1 42.38
14330 11101 11047 1 17.7
14333 11098 11103 1 0.85
14341 10985 11108 1 31.74
14342 11096 11109 1 4.84
14353 17671 11099 1 6.72
14354 17671 11101 1 7.13
14364 11092 11129 1 11.22
14367 17740 11132 1 64.03
14368 11132 11089 1 51.25
14373 11081 11136 1 13.56
14379 11136 11140 1 12.04
14381 11140 11142 1 9.11
14385 11145 11047 1 23.62
14386 11142 11146 1 8.58
14387 11084 11146 1 13.21
14391 11103 11149 1 28.59
14392 11146 11150 1 2.78
14397 17665 17673 1 43.08
14398 11066 11155 1 41.68
14399 11155 11149 1 25.55
14400 11156 11146 1 1.79
14403 11145 11158 1 7.61
14404 17658 11159 1 45.5
14405 11158 11160 1 3.15
14406 11160 17673 1 10.61
14407 11090 11161 1 21.3
14408 11162 11163 1 39.71
14409 17671 11145 1 36.29
14410 11164 11066 1 52.29
14413 11164 11155 1 9.62
14414 11079 11167 1 46.14
14415 11168 11159 1 1.49
14416 11169 17671 1 12.58
14417 11150 11168 1 51.19
14428 11136 11161 1 58.39
14435 17577 10911 1 103.87
14438 11163 17577 1 40.96
14445 17674 17673 1 9.11
14446 11167 17674 1 7.13
14451 11192 11018 1 94.5
14452 11192 17580 1 4.35
14453 17580 11164 1 9.19
14457 11149 11196 1 12.45
14458 11109 11196 1 72.97
14463 11108 17735 1 34.47
14473 11209 11156 1 12.99
14487 11109 11220 1 30.42
14488 11221 11169 1 18.23
14493 11041 11225 1 47.42
14498 11230 17735 1 52.19
14507 11136 11237 1 40.32
14509 11239 11168 1 35.84
14510 11239 11221 1 6.38
14511 11240 11225 1 6.17
14512 11241 11239 1 4.31
14524 11240 11230 1 26.44
14525 11240 11250 1 54.87
14526 11250 17745 1 58.55
14527 17745 11132 1 40.66
14535 17745 11257 1 0.58
14541 10911 11262 1 92.78
14542 11263 17745 1 14.93
14543 11129 11263 1 63.87
14547 11267 11168 1 28.43
14548 11267 11239 1 25.32
14550 11192 11269 1 34.48
14551 17672 11241 1 48.39
14552 11267 11271 1 3.87
14556 11275 17654 1 12.97
14557 17654 11277 1 21.57
14558 11278 11162 1 34.34
14563 11196 11282 1 24.66
14567 11277 11285 1 22.94
14569 11287 17672 1 18.74
14572 17675 11287 1 13.49
14573 17675 17674 1 26.71
14574 11271 17670 1 6.7
14579 11161 11292 1 33.04
14581 17652 11220 1 24.25
14582 11275 11295 1 23.73
14585 11298 11292 1 11.99
14586 11295 11298 1 21.71
14589 11269 11278 1 64.83
14592 11292 11302 1 36.89
14596 11308 11209 1 26.44
14597 17670 11308 1 20.09
14600 17652 11310 1 5.44
14601 11302 11311 1 20.3
14607 11237 17669 1 20.66
14608 17669 11308 1 4.97
14617 11324 11285 1 46.99
14619 11311 11326 1 15.6
14620 11326 17669 1 11.91
14621 17652 11324 1 39.86
14623 11285 17653 1 15.41
14648 11349 11267 1 25.42
14653 11282 11353 1 24.76
14662 11362 11295 1 98.98
14675 11310 11371 1 35.12
14678 11326 11373 1 22.5
14689 11362 11302 1 25.54
14690 11373 11362 1 7.89
14692 17653 11385 1 28.76
14703 11362 17668 1 7.8
14729 17669 11415 1 33.04
14779 11385 17655 1 35.65
14780 11275 17655 1 51.24
14781 17655 11455 1 7.36
14793 11465 17655 1 8.83
14811 11479 17668 1 83.02
14813 11481 11465 1 22.56
14817 11455 11479 1 41.88
14839 11353 11499 1 39.1
14845 11371 11503 1 54.33
14846 11362 11504 1 38.34
14852 11508 11481 1 26.82
14861 11499 11503 1 38.64
14872 11262 11521 1 41.6
14875 11524 11508 1 22.82
14895 11539 11499 1 17.31
14920 11503 11559 1 32.96
14927 11566 17579 1 39.01
14939 11566 11539 1 80.36
14972 11603 1827 1 27.76
14987 17579 11614 1 62.97
14999 11559 11624 1 24.41
15002 11624 11524 1 84.05
15112 17655 11707 1 90.03
15175 11614 1827 1 91.22
20527 16195 9961 1 73.41
20528 9791 16195 1 30.37
20647 11521 11603 1 28.45
20670 9790 9961 1 7.0
20671 9961 9941 1 20.33
20672 9781 9941 1 10.35
29653207 21893 17623 1 2.6
29653717 22463 22462 1 6.75
29653718 22464 8430 1 9.03
29653719 22472 10471 1 10.5
29653720 22473 17638 1 3.18
29653721 22474 9729 1 5.29
29653722 17640 10012 1 5.58
29653723 22478 9900 1 7.41
29653724 22478 22477 1 3.9
29653725 22477 9918 1 19.75
29653726 22479 22478 1 3.86
29653727 9918 9987 1 3.29
29653728 9453 9410 1 21.79
