461 538 40
17747
20057
20121
20100
17760
17778
19981
20092
20119
19956
19976
17774
17781
19978
20064
20090
17766
17761
20102
20113
20069
19950
20085
20073
19971
20058
17765
17762
20041
19977
20115
20046
20094
17775
19955
20095
20066
20125
19954
19983
10092 7950 7951 1 135.08
10093 7952 7953 1 9.12
10094 7954 7955 1 9.83
11881 19951 22001 1 23.33
11882 9280 19951 1 21.14
11901 9308 9309 1 7.62
12334 9625 9626 1 10.48
14792 11464 11350 1 38.8
14905 17747 11464 1 75.1
14936 11568 11574 1 42.59
14950 11585 17747 1 14.33
14961 11585 11594 1 10.34
14962 11594 11595 1 22.0
14963 11595 22008 1 6.83
14979 11574 11608 1 76.06
15034 11568 11651 1 28.7
15053 11608 11664 1 107.96
15101 11664 11698 1 75.02
15103 11698 11700 1 2.39
15118 11651 11712 1 22.22
15141 19705 11595 1 68.11
15169 11700 11753 1 84.35
15190 11771 11585 1 64.95
15221 11799 11712 1 19.26
15225 11753 11802 1 49.98
15226 11771 19705 1 83.19
15245 11802 11771 1 48.18
15259 19705 22006 1 21.0
15279 11842 11799 1 14.48
15301 11859 19705 1 33.58
15430 11949 11842 1 39.02
15460 19957 11961 1 6.88
15477 9309 11771 1 66.6
15484 11987 11859 1 41.92
15485 19957 11987 1 32.16
15492 11987 11994 1 5.94
15538 19957 12030 1 19.94
15555 12039 11949 1 29.03
15582 12050 9308 1 18.04
15583 11994 19950 1 55.96
15584 19950 12050 1 16.62
15813 12039 12237 1 41.1
15876 12030 9280 1 35.97
16190 12592 12050 1 91.52
16227 19950 19953 1 83.14
16243 12237 12631 1 52.42
16402 19953 19954 1 24.26
16403 19951 19954 1 71.66
16429 12631 17749 1 34.6
16576 19954 19956 1 48.29
16637 19954 17772 1 74.17
16675 12932 17771 1 1.47
16676 12932 12592 1 79.81
16678 17772 12932 1 66.61
16681 12937 12932 1 0.85
16682 17771 17770 1 8.61
16738 17770 12985 1 43.34
16811 19956 13039 1 38.55
16819 13039 13045 1 1.22
16940 13045 19965 1 64.87
16965 13145 17749 1 77.24
17005 19965 19971 1 45.73
17077 13226 13145 1 20.96
17146 13271 19971 1 32.59
17178 13045 19976 1 55.17
17195 19976 13303 1 1.79
17199 13303 19975 1 26.17
17215 19975 19974 1 34.33
17226 19974 19955 1 20.42
17242 19955 7953 1 116.81
17296 7953 12937 1 79.62
17324 13395 13226 1 40.61
17327 17748 13398 1 42.18
17477 13508 19984 1 4.32
17478 13510 19983 1 4.1
17479 19984 13510 1 4.78
17489 13518 13508 1 3.89
17494 13496 13518 1 11.41
17495 13522 13271 1 57.53
17496 13522 19983 1 33.76
17537 13398 13551 1 60.21
17615 19981 13522 1 21.1
17616 13510 19981 1 48.41
17622 19980 19981 1 6.86
17623 13619 19980 1 6.0
17657 13395 13642 1 63.66
17668 13650 13651 1 100.18
17669 19976 13652 1 91.65
17671 13650 19979 1 68.83
17672 13652 19979 1 6.65
17676 13551 13658 1 43.96
17681 13652 13661 1 1.98
17682 13661 13619 1 28.89
17684 13663 19979 1 2.5
17686 13661 13663 1 5.82
17692 13669 13661 1 4.76
17703 13669 13677 1 1.63
17704 13678 7952 1 72.06
17705 13651 13678 1 57.23
17735 19979 13701 1 24.58
17764 13677 13720 1 12.04
17777 13727 13642 1 34.74
17809 13701 13747 1 15.29
17829 13619 13762 1 37.9
17830 13720 13763 1 23.91
17831 13763 13762 1 0.94
17832 19978 13747 1 7.01
17885 13762 19987 1 27.31
17896 20046 13808 1 17.65
17906 17751 13822 1 2.9
17916 19977 13837 1 21.08
17923 17762 17773 1 86.93
17928 19977 13855 1 83.18
17930 13858 19977 1 58.97
17943 13879 13880 1 13.39
17945 13883 13879 1 10.87
17946 20060 13883 1 44.6
17967 17781 13915 1 8.69
17968 13915 13916 1 8.89
17969 13915 13917 1 14.96
17970 13883 13918 1 57.47
17974 13922 13727 1 25.4
17982 19987 13929 1 17.59
17990 13936 13747 1 24.31
17993 13929 19989 1 8.55
17998 13658 13944 1 70.58
18007 19985 13720 1 33.92
18059 19989 20041 1 44.52
18083 13922 17750 1 51.11
18104 13944 14021 1 84.28
18133 17750 14045 1 18.31
18147 14055 14045 1 5.37
18150 14057 13678 1 92.59
18165 19986 19985 1 50.31
18184 13837 13936 1 91.78
18207 14055 14093 1 25.54
18228 13822 14093 1 32.02
18229 20046 20041 1 85.69
18231 14021 14103 1 73.63
18232 14103 17751 1 6.17
18272 14093 14134 1 45.78
18307 14134 17762 1 65.9
18406 14217 13855 1 15.14
18407 14217 17785 1 6.85
18409 14220 13858 1 3.08
18414 20060 19986 1 75.32
18416 17785 14225 1 9.55
18429 17773 14234 1 44.28
18456 14253 14057 1 112.06
18469 20055 14220 1 12.93
18481 14103 21948 1 119.18
18482 20082 20046 1 65.31
18484 14234 17774 1 17.68
18505 20056 20055 1 8.36
18512 13880 20056 1 1.13
18559 17774 14314 1 71.46
18560 14315 14225 1 61.16
18561 14316 20041 1 139.22
18562 20082 14316 1 61.81
18575 14324 14316 1 2.99
18588 20060 14324 1 143.01
18598 14342 21924 1 48.88
18599 14342 17762 1 85.71
18616 14315 17784 1 12.2
18617 14314 17775 1 32.93
18656 17775 17776 1 43.21
18658 17776 14388 1 7.4
18665 14393 14394 1 3.49
18666 14394 14395 1 3.28
18667 14395 14253 1 59.77
18669 14396 14393 1 0.92
18670 14397 14396 1 1.08
18678 13916 14397 1 0.93
18689 14388 17781 1 30.76
18690 17781 13916 1 2.33
18709 14421 17784 1 55.52
18713 14423 14424 1 0.47
18714 14424 14421 1 11.51
18719 13915 17782 1 8.96
18722 13917 14423 1 44.79
18727 14437 14342 1 47.72
18742 14314 14453 1 88.6
18743 14454 20060 1 97.45
18744 14455 20082 1 82.95
18745 20082 20084 1 96.36
18746 14455 20084 1 11.41
18747 14457 20055 1 96.71
18752 14462 14463 1 1.2
18756 14463 14455 1 41.35
18762 20084 14471 1 65.14
18769 14454 20061 1 10.08
18778 14455 20085 1 10.21
18779 20084 20085 1 12.23
18782 17783 17782 1 68.8
18787 14492 14103 1 152.76
18788 14493 14324 1 68.23
18789 14493 14462 1 26.86
18806 14453 14508 1 62.48
18810 20057 13918 1 41.69
18814 14517 14457 1 24.4
18816 14492 14519 1 38.34
18825 14526 14527 1 29.57
18826 14528 14529 1 39.81
18832 14437 17763 1 49.12
18833 14537 14528 1 10.56
18834 14537 14508 1 38.24
18837 17763 14540 1 10.77
18838 14540 14526 1 5.73
18841 14542 14492 1 27.81
18844 14540 14544 1 5.38
18845 14528 14544 1 12.9
18846 20058 20057 1 30.65
18849 17783 14421 1 84.39
18851 20058 14549 1 3.6
18855 20061 14553 1 47.44
18882 14579 14493 1 79.97
18887 14553 14582 1 11.73
18889 20083 14493 1 52.7
18890 17764 14586 1 31.67
18891 14544 17764 1 18.06
18892 17764 14537 1 32.46
18893 14549 14587 1 22.26
18898 17764 9625 1 2.74
18899 14591 14582 1 6.82
18900 14579 14592 1 12.91
18901 14593 14591 1 0.55
18902 14593 14579 1 46.39
18903 14592 20083 1 10.74
18905 14517 14595 1 46.52
18907 14587 14597 1 14.64
18908 14595 14598 1 7.73
18909 14599 14542 1 37.53
18910 14597 14600 1 6.46
18911 14599 14601 1 35.55
18912 20083 14602 1 14.49
18913 14600 14603 1 6.76
18915 14517 20059 1 78.39
18916 14597 14606 1 14.16
18918 14601 17768 1 134.19
18919 14606 14609 1 8.09
18924 17761 14599 1 17.51
18926 14609 14614 1 9.39
18927 14615 14471 1 88.09
18931 20087 14621 1 47.15
18934 14453 17778 1 140.56
18935 14625 14582 1 41.63
18938 20097 20085 1 96.37
18939 20097 20087 1 71.2
18942 14631 14632 1 0.41
18943 14633 20097 1 12.89
18944 14632 14633 1 11.06
18945 14598 20064 1 36.03
18946 14635 14631 1 17.4
18948 14602 20089 1 38.26
18949 20089 14635 1 4.89
18950 14638 20089 1 11.43
18951 14639 14606 1 43.2
18952 14582 14640 1 64.13
18953 14639 20067 1 2.31
18954 14638 20088 1 18.39
18956 14640 14625 1 48.17
18957 14644 17760 1 21.5
18958 9626 17768 1 47.23
18959 20088 14640 1 31.02
18960 14646 17777 1 7.52
18961 9626 14648 1 78.65
18962 14646 14649 1 11.89
18963 20115 20087 1 38.85
18965 14649 14648 1 11.81
18966 17758 14644 1 52.8
18968 20059 20066 1 52.7
18969 20068 14625 1 25.87
18970 14656 20068 1 0.59
18971 14657 20115 1 8.74
18972 14658 14633 1 19.94
18975 17768 14661 1 15.64
18979 14665 20097 1 27.22
18980 14658 14665 1 15.22
18981 20122 14667 1 16.24
18982 20067 14668 1 28.07
18983 14668 14656 1 11.2
18984 17766 14670 1 13.19
18985 14671 14668 1 2.33
18987 17777 14672 1 28.0
18988 14673 14671 1 6.29
18989 20116 14657 1 12.75
18990 14672 7955 1 42.58
18991 14675 14665 1 7.79
18992 14675 20099 1 11.68
18993 20099 20116 1 42.11
18994 20069 14671 1 9.77
18995 14672 14678 1 3.77
18996 14638 14679 1 30.13
18997 14670 14680 1 7.61
18998 14681 14661 1 14.37
18999 20122 14682 1 24.15
19000 14682 14683 1 2.81
19001 14675 14684 1 5.05
19002 14685 14684 1 1.59
19003 14661 14686 1 16.53
19004 14684 14687 1 0.95
19005 20090 14658 1 25.35
19006 14689 14673 1 14.99
19007 14689 20075 1 61.76
19008 14691 20090 1 0.22
19011 14684 14694 1 10.16
19012 14683 14695 1 10.59
19013 14696 14681 1 7.7
19014 14696 14686 1 10.13
19016 14697 14689 1 4.38
19017 14698 14673 1 11.83
19018 14698 20069 1 17.0
19019 14699 14695 1 12.63
19020 14699 14682 1 8.68
19021 14687 20098 1 8.42
19022 14678 14701 1 14.37
19023 14701 14702 1 3.25
19025 14704 14697 1 6.51
19026 17765 14706 1 21.57
19027 14707 14696 1 24.54
19028 20098 14708 1 7.99
19029 20098 14709 1 16.82
19030 21812 14698 1 8.15
19031 14689 21812 1 15.45
19032 14706 14670 1 43.71
19033 14711 14707 1 1.93
19034 14706 14644 1 103.92
19036 14695 20119 1 17.8
19037 17767 14711 1 26.5
19038 7955 17778 1 30.87
19039 20117 14709 1 26.69
19040 20117 20116 1 25.58
19041 14702 7954 1 33.2
19045 14680 17767 1 43.05
19047 14704 20072 1 10.68
19048 20091 14720 1 1.57
19049 14679 20091 1 28.23
19052 14723 20072 1 3.44
19053 21812 14724 1 12.71
19054 14724 14723 1 0.23
19055 14725 20072 1 5.77
19056 14726 14720 1 10.1
19057 14726 14727 1 9.62
19060 7954 14730 1 10.88
19063 14732 20122 1 45.97
19064 14733 14734 1 20.28
19065 14734 14691 1 27.44
19066 20094 14733 1 5.77
19067 14736 14732 1 14.28
19068 14737 20073 1 5.47
19070 14739 14740 1 6.96
19071 14741 14739 1 2.51
19072 14741 20094 1 4.23
19073 20117 14742 1 21.22
19074 20119 14742 1 24.03
19075 20075 14737 1 9.71
19076 20075 14640 1 75.61
19077 14744 20075 1 10.72
19078 20076 14744 1 2.75
19079 20102 20098 1 38.85
19080 20098 20100 1 31.46
19081 14748 14749 1 76.36
19082 14749 14706 1 42.55
19083 14750 14737 1 7.02
19084 14751 14744 1 3.01
19085 14752 14751 1 0.68
19086 20076 14752 1 2.24
19088 20100 14754 1 2.06
19089 14730 14755 1 30.9
19090 14754 14756 1 7.22
19091 14757 14752 1 2.53
19092 14757 20076 1 7.47
19093 14758 20119 1 30.21
19095 14760 14754 1 8.43
19096 14756 14761 1 9.22
19097 14762 20102 1 12.14
19098 14762 20117 1 31.88
19099 14744 14763 1 7.07
19100 14764 14734 1 17.94
19101 14761 14764 1 5.9
19102 14756 14765 1 6.16
19103 14766 20095 1 13.58
19104 20095 14741 1 11.63
19105 14768 20095 1 0.64
19106 14769 14768 1 2.92
19107 20092 14757 1 9.0
19108 14766 14771 1 2.62
19109 14772 20092 1 0.56
19110 14726 14772 1 27.52
19111 14752 14773 1 5.61
19112 14774 14760 1 16.81
19113 20102 14774 1 12.11
19114 14764 14769 1 12.69
19115 14775 14699 1 40.29
19116 14776 14758 1 5.58
19118 14771 14772 1 11.67
19119 14763 14779 1 4.17
19122 17779 14782 1 29.07
19123 14783 14774 1 11.73
19124 14762 14783 1 8.12
19126 7954 14782 1 130.6
19127 14785 14760 1 12.87
19128 14785 14774 1 7.86
19129 14773 14786 1 7.22
19130 14786 20077 1 2.0
19131 14788 20095 1 9.66
19133 20118 14783 1 11.21
19134 20118 14762 1 13.43
19135 20118 14742 1 28.0
19138 14732 20124 1 36.94
19139 20103 14794 1 2.12
19140 14794 14785 1 7.9
19141 14772 14795 1 11.82
19142 14796 20118 1 1.75
19143 20077 14797 1 5.05
19144 20104 14794 1 7.23
19145 14796 20104 1 17.2
19146 14799 14775 1 11.98
19147 14800 14801 1 0.8
19150 14795 14788 1 27.46
19151 20095 20096 1 20.86
19152 14805 20103 1 10.8
19153 14806 14805 1 4.51
19154 14795 20093 1 5.08
19155 20101 14761 1 26.72
19156 20101 14765 1 20.37
19158 14810 14806 1 6.37
19159 14811 20093 1 13.21
19160 20101 14810 1 9.87
19161 14786 14811 1 21.78
19162 20096 14812 1 9.01
19163 14813 14800 1 8.9
19164 14797 14813 1 12.99
19165 14812 20101 1 13.06
19166 14814 14815 1 11.2
19167 20128 14736 1 46.82
19169 20121 14776 1 29.12
19170 14819 14799 1 17.03
19171 20118 20121 1 50.05
19172 20121 14820 1 3.55
19173 14810 14821 1 8.09
19174 14819 20128 1 9.58
19175 14820 14819 1 5.85
19176 20101 14822 1 8.69
19177 14819 14814 1 33.34
19179 20107 14788 1 19.44
19180 14822 14825 1 2.49
19181 14826 14748 1 77.51
19182 14827 14794 1 19.35
19184 14829 20107 1 13.56
19185 14821 14830 1 10.24
19187 20093 14833 1 17.02
19188 14833 14829 1 9.24
19189 14834 14835 1 0.29
19190 14833 14835 1 10.3
19191 14836 14796 1 23.1
19193 20121 21883 1 5.08
19194 20121 14838 1 9.35
19195 14839 14827 1 7.95
19196 14840 20107 1 10.46
19197 14841 14825 1 14.8
19198 14841 14821 1 13.04
19199 14842 14825 1 10.83
19200 14843 14842 1 9.4
19201 14834 20081 1 11.99
19202 14839 20113 1 10.04
19203 20125 14836 1 13.34
19204 14840 14847 1 8.11
19205 14841 14848 1 3.92
19206 14848 20113 1 10.79
19207 14849 14842 1 3.91
19208 14850 14839 1 11.74
19209 14850 14836 1 10.84
19211 20126 20125 1 13.89
19212 14854 14843 1 25.1
19214 14833 14856 1 15.39
19215 14856 14847 1 18.87
19216 14856 20105 1 3.77
19218 14849 14859 1 15.98
19219 14848 14859 1 6.18
19220 14838 14860 1 17.74
19221 14861 14840 1 10.71
19222 14854 14861 1 8.59
19224 14847 20108 1 9.6
19226 14866 14849 1 8.46
19227 14867 14850 1 18.28
19228 20113 14868 1 19.13
19229 14868 14850 1 7.53
19231 14870 14866 1 7.21
19233 14872 20126 1 8.95
19237 14874 14861 1 5.33
19238 20110 14866 1 5.81
19239 20127 14868 1 10.5
19240 14877 20110 1 3.2
19241 20112 14859 1 10.41
19244 14881 14877 1 7.33
19245 20109 14874 1 7.68
19246 14883 14868 1 11.54
19247 14856 20106 1 20.63
19250 14887 14826 1 50.83
19252 14874 20111 1 22.45
19254 14891 14870 1 19.66
19255 14892 14883 1 29.12
19256 20114 14883 1 10.77
19257 14894 14891 1 4.7
19261 14898 20114 1 6.31
19263 14900 20114 1 7.12
19282 14917 14887 1 72.46
19327 14955 14956 1 74.18
19328 14956 14957 1 43.68
19340 14957 14967 1 49.89
19344 14967 14971 1 11.08
19345 14971 14917 1 94.5
19367 14971 14991 1 69.97
19379 14991 15003 1 71.41
19389 15003 15010 1 35.75
19396 15010 15015 1 65.49
19407 15015 15025 1 80.56
19431 15045 15010 1 81.04
19453 15063 15045 1 56.61
19591 7951 11608 1 153.91
19592 12050 21829 1 52.89
19593 12985 21826 1 49.78
19594 14393 7950 1 407.61
20155 14621 15886 1 28.66
20156 15886 14683 1 19.91
20169 14421 14517 1 205.29
20170 14582 14597 1 64.83
20495 21925 16164 1 38.72
20496 17783 16164 1 107.99
20497 16164 21947 1 35.88
20623 14701 14686 1 71.09
20677 14621 14616 1 7.91
20678 14616 14615 1 6.29
29653145 21814 21812 1 3.46
29653158 21826 7950 1 182.67
29653161 21829 7951 1 342.83
29653201 21883 14838 1 9.21
