431 526 20
21535
21519
21212
21200
21542
21743
21229
21499
21543
21439
21163
21721
21211
21215
21175
21222
21182
21523
21412
21750
1911 21551 1544 1 10.71
2296 1835 21481 1 9.83
15501 21411 11965 1 16.47
15518 12014 9314 1 11.65
15565 21415 21411 1 19.6
15566 21415 12014 1 21.12
15568 21412 21411 1 13.97
15673 21413 21412 1 21.22
15680 21413 21416 1 39.48
15681 21416 21415 1 21.58
15762 21416 12198 1 15.77
15768 12198 21478 1 6.13
15769 21478 12109 1 18.16
15782 21413 12214 1 17.89
15802 21177 12221 1 2.91
15815 21480 21478 1 21.58
15816 21483 21480 1 23.57
15823 21170 21177 1 11.92
15834 21168 21170 1 8.12
15840 21418 12214 1 12.36
15842 21498 21483 1 19.53
15852 12214 21421 1 17.63
15853 21421 12198 1 24.9
15879 21479 21480 1 12.79
15881 12274 21498 1 9.95
15887 21177 21180 1 18.94
15889 21484 21480 1 13.47
15898 21417 21418 1 13.87
15899 21507 12303 1 17.47
15900 12303 21651 1 6.33
15929 21417 12331 1 4.29
15930 12332 21421 1 9.73
15933 12335 21168 1 18.99
15942 12341 21507 1 23.17
15943 21508 12341 1 4.28
15946 12345 21692 1 7.22
15953 21189 21184 1 16.32
15954 12358 12359 1 0.36
15955 21743 12358 1 2.04
15957 21746 21743 1 9.05
15958 12364 21189 1 6.29
15959 21742 21740 1 13.0
15960 12358 21742 1 3.62
15962 12369 21453 1 12.02
15963 12371 12372 1 5.86
15964 12373 12371 1 8.48
15965 12373 21189 1 4.15
15967 21426 21425 1 7.4
15969 12379 21702 1 8.0
15970 21453 21454 1 11.46
15973 21693 21690 1 15.34
15976 21192 12364 1 15.9
15977 12391 21708 1 3.48
15979 21426 12395 1 49.79
15981 12397 21451 1 4.39
15982 21518 21515 1 24.74
15983 21546 12402 1 1.05
15984 21544 12404 1 7.65
15987 12402 21544 1 4.91
15988 12395 12408 1 3.22
15989 21434 12408 1 17.31
15990 12410 12408 1 4.29
15991 12410 21451 1 8.71
15992 12408 21435 1 1.01
15996 12417 12418 1 1.54
15997 12419 21216 1 6.03
15998 12421 12395 1 3.49
15999 21435 12421 1 3.58
16011 21530 21531 1 19.89
16012 12441 21531 1 2.46
16019 12452 12453 1 1.24
16021 12456 12453 1 0.25
16022 12456 12457 1 0.32
16033 21420 12332 1 22.32
16036 21160 21162 1 20.57
16040 21164 12335 1 10.8
16046 12483 12341 1 4.75
16048 21171 12335 1 9.18
16050 12483 21511 1 9.64
16053 21182 21180 1 13.7
16061 12494 12274 1 19.89
16062 12495 12303 1 11.94
16068 12500 12501 1 5.55
16070 12503 21484 1 23.06
16071 12503 21483 1 27.55
16072 21182 21403 1 21.94
16076 21685 12501 1 6.56
16077 21511 12495 1 16.62
16080 21162 21163 1 14.36
16083 12512 21685 1 8.0
16095 21485 12503 1 3.91
16100 21163 12525 1 6.83
16101 12525 21164 1 9.49
16104 12501 12527 1 6.28
16105 12527 21688 1 2.89
16118 21902 21174 1 3.11
16126 12546 21902 1 3.35
16127 12546 21180 1 25.09
16128 21481 21421 1 33.41
16133 12548 21500 1 13.42
16134 12548 12483 1 21.72
16138 21685 21686 1 9.37
16139 12553 21171 1 14.59
16140 21499 21485 1 22.11
16141 21902 21175 1 6.85
16142 12553 21172 1 1.99
16143 21172 12525 1 11.96
16145 12553 21173 1 4.24
16146 21501 21499 1 13.51
16148 21482 1835 1 7.28
16149 21485 21482 1 32.65
16157 12567 21481 1 11.44
16160 12567 12570 1 14.53
16163 21423 12332 1 23.32
16164 21162 12573 1 21.2
16165 21423 12567 1 12.51
16166 12570 21482 1 4.7
16167 21403 21405 1 20.23
16170 21163 12577 1 17.67
16173 21181 12546 1 6.87
16180 21511 21653 1 25.82
16182 21422 21423 1 15.5
16188 21509 12548 1 8.58
16191 21509 21501 1 16.35
16195 21510 21509 1 14.64
16196 12495 21656 1 27.59
16199 12599 12512 1 17.03
16200 21686 12599 1 11.06
16202 12527 12601 1 10.88
16206 12604 21181 1 4.69
16207 12605 21482 1 9.68
16209 12599 12594 1 9.5
16210 12577 12607 1 8.06
16225 21656 21700 1 13.4
16226 21667 21700 1 11.94
16228 12570 21512 1 13.17
16229 12615 21188 1 4.29
16230 12573 21188 1 9.76
16232 12577 12573 1 28.05
16233 21700 21691 1 17.34
16236 12625 21510 1 5.46
16237 12607 12626 1 8.61
16239 21211 12626 1 2.87
16240 21173 21211 1 16.54
16241 21175 21211 1 16.81
16244 21700 12632 1 8.1
16245 12632 21667 1 9.0
16251 21691 12636 1 14.29
16252 21422 12637 1 9.98
16253 21689 21653 1 11.32
16254 12636 21689 1 3.69
16257 21448 12641 1 0.7
16258 21448 12637 1 14.48
16260 12626 12644 1 5.77
16262 12646 12625 1 3.37
16263 12647 12648 1 2.36
16264 12649 21509 1 9.75
16266 12651 12605 1 27.3
16267 21485 12651 1 25.44
16271 21405 21432 1 25.61
16272 12656 12657 1 1.77
16274 21703 12632 1 4.66
16275 21517 12651 1 1.13
16276 21741 12656 1 11.45
16277 12661 12599 1 10.85
16278 12661 21741 1 3.65
16279 21432 12662 1 10.43
16287 21703 21704 1 5.66
16288 12644 21191 1 10.62
16291 21701 12671 1 1.8
16292 21701 21700 1 10.04
16294 21514 12605 1 11.9
16295 12662 12673 1 1.76
16296 21448 12673 1 19.82
16297 21689 21541 1 5.67
16298 12646 21541 1 18.23
16301 12675 21703 1 3.55
16302 12675 21704 1 4.19
16303 21537 12649 1 5.31
16304 21537 12646 1 12.28
16310 12673 21433 1 1.71
16313 21211 12681 1 19.28
16316 21191 21190 1 8.6
16318 21184 21188 1 14.93
16319 12681 12685 1 4.29
16320 21512 21513 1 13.98
16321 12637 21455 1 17.26
16322 21455 21423 1 22.64
16323 12688 21541 1 4.83
16324 12689 21424 1 1.38
16325 21448 21449 1 8.93
16329 12632 12694 1 20.02
16330 12649 12695 1 11.96
16331 12696 12661 1 6.91
16335 21513 21514 1 18.18
16336 12685 21215 1 5.0
16337 21215 12604 1 17.69
16338 21541 21543 1 10.79
16340 21683 12700 1 26.61
16341 12700 12694 1 8.02
16342 12701 21537 1 5.25
16344 12702 12703 1 6.8
16345 12701 12695 1 8.15
16347 21540 21537 1 11.85
16351 12708 12675 1 5.87
16352 12709 12708 1 0.52
16353 21543 21540 1 8.91
16356 12689 21215 1 20.69
16357 12694 12708 1 9.31
16361 12695 12714 1 4.81
16363 21212 12644 1 13.81
16365 12700 12718 1 4.12
16366 12718 12719 1 7.77
16367 12720 21514 1 7.37
16369 21690 12688 1 4.76
16370 12722 12688 1 23.13
16371 12722 21701 1 8.41
16375 12345 12722 1 1.49
16376 12724 12696 1 4.11
16377 12709 12379 1 13.74
16378 12689 21426 1 9.6
16379 12379 12345 1 3.08
16380 12714 12725 1 7.07
16381 21433 21434 1 12.66
16383 21534 12714 1 3.59
16384 21434 21430 1 19.17
16385 12729 21212 1 2.53
16386 12729 12681 1 16.28
16387 12709 21706 1 4.11
16389 12651 12731 1 21.2
16390 12725 12731 1 7.4
16391 21538 12701 1 6.7
16393 21705 21706 1 5.42
16396 12718 12736 1 6.99
16397 12737 12724 1 4.48
16400 12739 12724 1 5.78
16405 12369 21450 1 1.45
16406 12359 12736 1 5.74
16407 12359 12739 1 1.78
16408 12364 21190 1 16.01
16409 21706 21707 1 7.29
16410 21740 21707 1 18.5
16411 12744 21542 1 5.28
16412 21538 12744 1 8.23
16414 12364 21213 1 31.76
16415 21213 12729 1 10.29
16421 21693 21698 1 19.29
16422 21692 21698 1 11.21
16423 21698 12391 1 15.91
16424 21518 12752 1 2.67
16425 12402 21538 1 14.19
16426 21545 12402 1 0.55
16432 21216 12685 1 24.33
16443 12764 12358 1 6.97
16447 21455 21457 1 20.28
16450 21454 21457 1 13.39
16451 12725 21535 1 10.14
16454 12744 21547 1 6.34
16455 12397 21447 1 7.99
16456 12397 12369 1 15.05
16457 21539 21534 1 11.26
16461 21702 21708 1 5.19
16462 21708 21707 1 9.45
16463 21457 12773 1 9.21
16464 21515 12773 1 8.6
16465 21535 12404 1 11.52
16466 12404 21539 1 2.45
16467 21518 12720 1 19.5
16468 12731 21521 1 20.79
16470 12775 21213 1 16.09
16471 12775 12419 1 9.91
16473 21547 12777 1 11.67
16474 21693 12777 1 10.98
16475 12773 21516 1 11.17
16476 12764 12417 1 10.84
16487 12787 21746 1 14.18
16488 12777 21548 1 2.95
16489 12789 21546 1 9.88
16491 21217 21216 1 19.73
16492 12791 12792 1 1.2
16497 12792 12797 1 2.35
16499 21693 21695 1 14.87
16500 21698 21695 1 13.52
16501 21548 12789 1 11.05
16509 21214 12775 1 12.0
16511 12421 21431 1 14.31
16513 12418 12808 1 10.63
16514 12797 12808 1 4.32
16515 12809 12410 1 16.58
16522 12807 21185 1 5.41
16524 12809 21452 1 1.16
16525 12817 21903 1 1.73
16526 12752 12817 1 12.21
16528 21712 21707 1 21.92
16533 12822 21194 1 17.87
16534 21194 21192 1 16.82
16537 21712 21710 1 9.23
16539 21429 21428 1 10.02
16540 21431 21429 1 14.26
16541 12828 12373 1 25.51
16543 21694 21548 1 16.4
16544 12808 21745 1 6.1
16545 12792 21745 1 7.91
16546 12832 12807 1 5.03
16548 21696 21694 1 11.58
16549 21695 21696 1 6.34
16550 21187 12828 1 3.36
16551 12836 21187 1 6.64
16552 12836 12822 1 11.72
16553 21427 21217 1 11.6
16554 21428 21427 1 12.98
16555 12817 12838 1 4.32
16564 12842 12809 1 19.77
16567 21516 21456 1 28.77
16568 12845 21185 1 7.11
16569 12828 12845 1 9.3
16572 12838 21520 1 3.1
16574 12850 12391 1 26.21
16575 21456 12842 1 2.56
16580 12845 12853 1 2.9
16581 21696 21699 1 7.49
16582 12850 21699 1 2.15
16584 12838 21519 1 3.81
16586 12850 21709 1 12.79
16587 12859 21194 1 7.69
16588 21214 12859 1 23.35
16594 21435 21436 1 19.9
16596 21193 12836 1 16.03
16601 21744 21712 1 9.58
16602 21744 12873 1 12.86
16604 12875 21193 1 4.68
16605 12859 12875 1 3.22
16606 21744 12876 1 1.12
16608 21709 21711 1 16.18
16611 12879 12880 1 3.14
16612 12880 12881 1 2.89
16613 12880 21694 1 4.27
16614 21549 12789 1 17.47
16620 21431 12888 1 13.84
16621 12888 21436 1 8.34
16622 12853 21186 1 5.21
16625 21549 12879 1 11.81
16629 21711 12876 1 12.58
16630 21744 12893 1 7.84
16636 21714 12881 1 3.66
16648 21718 21699 1 9.43
16649 21718 21714 1 15.36
16650 12909 12910 1 5.34
16651 21218 12875 1 11.48
16653 21456 21466 1 16.4
16660 21219 21218 1 17.7
16663 21228 21226 1 17.92
16664 21427 21228 1 16.0
16665 21748 21749 1 10.13
16668 21462 12842 1 13.91
16671 21520 21528 1 18.07
16672 21466 12929 1 3.02
16673 21549 12930 1 7.36
16679 21519 21523 1 17.39
16683 12939 21744 1 10.18
16685 21720 21718 1 6.82
16687 12930 12941 1 3.36
16688 12879 21715 1 9.11
16689 21715 21716 1 1.71
16690 12930 21556 1 7.39
16691 12941 21715 1 7.12
16696 21201 21187 1 22.51
16697 21193 21201 1 18.3
16698 21438 21429 1 20.59
16699 12949 21716 1 6.53
16700 12949 21714 1 8.8
16701 12950 21218 1 6.33
16703 12939 12952 1 11.49
16704 21550 21551 1 26.06
16705 21719 12949 1 9.28
16706 21719 21718 1 7.79
16707 12955 21462 1 5.91
16708 12952 21731 1 5.15
16711 12959 21219 1 29.16
16712 21228 12959 1 10.08
16717 21749 12963 1 10.54
16718 21201 12964 1 9.19
16719 12965 21550 1 4.18
16720 12964 12966 1 6.65
16721 12966 21198 1 8.03
16722 12967 21719 1 2.08
16724 12964 12969 1 1.12
16727 12888 12972 1 15.51
16730 21723 21720 1 7.19
16731 12976 12977 1 2.38
16732 12978 12967 1 3.19
16734 21723 21721 1 3.08
16736 21523 21527 1 11.58
16737 21732 21723 1 4.86
16743 12988 21228 1 28.71
16746 12990 12988 1 1.74
16747 12990 21438 1 8.76
16749 21528 12992 1 18.59
16750 12992 21550 1 14.05
16751 12978 12993 1 4.41
16752 12993 21721 1 6.75
16753 12992 12994 1 0.28
16754 21552 12965 1 13.72
16755 12996 12990 1 7.43
16759 12999 12992 1 1.35
16760 12999 12994 1 1.11
16762 12941 21557 1 15.41
16763 13001 12959 1 9.96
16766 21734 21732 1 10.25
16767 13005 21734 1 2.68
16768 12952 13005 1 10.96
16772 21219 21220 1 18.95
16774 21716 21717 1 15.4
16775 21723 21724 1 8.72
16778 13013 21734 1 3.23
16779 12993 13014 1 5.53
16780 13014 21724 1 2.58
16782 12950 13016 1 14.22
16789 12988 21437 1 11.5
16793 21529 13026 1 6.12
16794 13026 12999 1 10.95
16795 13027 21557 1 6.32
16796 13027 21552 1 13.25
16802 13024 21199 1 3.76
16803 12966 21199 1 14.47
16804 12977 13032 1 16.61
16807 21750 13036 1 4.73
16808 13036 13032 1 5.15
16809 12969 21202 1 13.85
16813 13001 21227 1 14.4
16816 13042 12950 1 25.43
16822 13047 21529 1 10.59
16823 13047 13026 1 6.1
16830 13052 12939 1 23.92
16831 13052 21750 1 8.87
16832 21717 21728 1 9.84
16833 21728 12978 1 17.12
16837 21230 13057 1 2.06
16838 21230 13001 1 10.61
16849 21230 21439 1 7.9
16850 21220 21224 1 13.19
16854 21559 13027 1 12.53
16858 21204 21201 1 25.76
16859 21204 13042 1 6.61
16862 13016 21222 1 13.27
16863 21221 13042 1 15.59
16864 13016 21221 1 11.58
16865 21530 13061 1 12.62
16866 21527 21530 1 21.94
16867 21530 13047 1 9.01
16868 12438 13052 1 6.02
16869 13036 13075 1 9.64
16875 21724 13081 1 14.76
16877 21437 21444 1 23.2
16879 21725 21559 1 12.9
16880 21725 13085 1 8.12
16881 21725 21728 1 10.6
16882 21553 12999 1 21.08
16885 13027 21553 1 41.8
16895 13095 21203 1 2.62
16898 12451 21204 1 8.21
16902 21531 21553 1 6.16
16903 21204 13095 1 10.12
16904 21725 12443 1 3.32
16906 21199 21200 1 15.53
16907 21203 21200 1 9.75
16911 21227 21229 1 17.54
16916 21440 21230 1 14.45
16921 21440 13113 1 29.3
16948 21530 21526 1 19.96
16949 13095 21205 1 8.91
16978 21231 21229 1 15.21
17001 21444 13172 1 15.47
17003 13173 13172 1 1.72
17006 21442 13175 1 0.54
17007 13173 21442 1 0.76
17011 21441 21231 1 9.35
17012 21441 21440 1 12.23
17013 21442 12452 1 1.03
17015 21441 13181 1 3.28
17019 21441 13175 1 27.71
17109 21564 13175 1 17.92
17164 12457 21568 1 22.93
19603 21551 12789 1 16.56
19604 15187 12873 1 19.02
19605 15187 21748 1 10.9
19606 12910 15187 1 10.6
19607 21699 15188 1 5.21
19611 12648 15190 1 1.78
19612 15191 15192 1 4.19
19613 12601 15193 1 1.39
19614 15194 15195 1 0.93
19615 12702 15196 1 0.98
19617 15192 15199 1 1.33
19618 15197 15200 1 1.63
19620 15201 15202 1 1.46
19621 12703 15203 1 4.02
19622 15200 15204 1 0.29
19623 15200 15205 1 0.35
19625 15205 15197 1 1.72
19626 12737 15204 1 7.68
19627 15206 12417 1 10.21
19628 13032 13075 1 9.9
19629 21734 15207 1 3.01
19630 15207 15208 1 0.42
19631 15208 13081 1 22.48
20085 12494 21508 1 26.79
20086 21499 12494 1 17.5
20388 21521 12752 1 33.42
20576 12963 12976 1 0.06
20577 12893 21748 1 0.05
20578 12910 12896 1 0.04
20579 15206 12764 1 13.84
20580 21500 12494 1 1.04
20581 21521 21518 1 10.03
20583 12873 15206 1 6.61
20584 12791 12787 1 8.2
20585 21746 12737 1 3.47
20586 15204 15191 1 0.37
20587 15205 15191 1 0.88
20588 12656 12702 1 1.95
20589 12703 15192 1 4.53
20590 15201 12657 1 1.43
20591 12601 12647 1 7.99
20592 15194 15201 1 3.18
20593 12648 15194 1 1.76
