426 536 86
21490
20948
21671
21407
21506
20954
20945
20955
21644
21637
20982
21404
21129
20983
21064
20951
21124
21471
21402
21006
21060
20778
20890
21673
20881
21649
20787
21674
21128
21165
21012
21068
20889
21659
20885
21010
21065
21398
20939
20986
20882
20880
20758
21491
21401
21011
20944
20763
21487
21633
21638
21472
21477
21642
21646
21652
20935
21158
21672
20958
21669
21666
21655
21643
21680
20893
21488
20978
21494
20979
20781
21063
21009
20974
20892
20976
20660
21502
20936
20937
21679
21409
20957
21004
21408
21662
2318 1854 21669 1 5.85
4350 20978 3479 1 6.45
11896 21121 9301 1 8.85
11897 9302 21633 1 5.64
11898 9302 9304 1 8.42
11902 9310 9311 1 13.06
11903 9312 9310 1 24.43
11905 21669 9315 1 12.06
11907 21127 9319 1 19.34
11908 9320 9321 1 2.94
11909 9320 9322 1 5.45
11911 9325 9326 1 8.0
11912 9327 21399 1 33.47
11914 9301 9331 1 18.79
11915 9332 9331 1 6.93
11916 9331 21127 1 8.33
11917 21673 9320 1 6.88
14877 3101 20665 1 1.49
14885 11532 3101 1 5.34
14923 11532 11562 1 20.29
15000 20935 11625 1 8.93
15004 20935 11628 1 2.49
15008 20944 21985 1 1.23
15010 11625 20939 1 17.18
15013 20939 20944 1 12.6
15019 20781 20782 1 1.05
15020 20781 11643 1 9.92
15040 11655 20944 1 12.72
15042 11628 20936 1 13.55
15047 20775 20781 1 14.88
15054 20936 11665 1 5.31
15055 11665 20940 1 0.3
15064 20939 11672 1 12.97
15065 11672 11655 1 10.42
15066 20888 20885 1 32.16
15067 11628 20888 1 26.11
15071 11655 20945 1 9.24
15073 11679 20775 1 6.06
15075 20667 3101 1 54.09
15083 11665 11686 1 8.71
15084 11686 11672 1 8.44
15091 20880 11691 1 0.81
15092 20880 20885 1 39.99
15106 20937 20888 1 23.16
15115 20938 20937 1 6.46
15119 20945 11713 1 14.54
15120 20787 11715 1 1.62
15121 11715 11643 1 38.38
15125 11717 11686 1 14.47
15126 11717 20949 1 2.16
15127 20956 11713 1 2.0
15128 11713 21895 1 1.42
15130 11721 11717 1 4.63
15131 11717 20938 1 16.65
15134 20956 11723 1 10.17
15135 11723 20957 1 2.31
15136 11721 11725 1 11.46
15137 11725 20952 1 1.52
15138 11725 20956 1 10.74
15146 11715 11678 1 8.94
15147 11678 20880 1 46.22
15150 11737 11723 1 18.32
15151 11737 11710 1 8.24
15155 11741 21005 1 9.73
15160 11741 21006 1 1.11
15163 11747 11532 1 71.59
15165 11749 20973 1 0.92
15166 20973 11737 1 4.18
15172 20885 11756 1 48.54
15182 11763 20974 1 2.2
15183 11765 11763 1 3.45
15184 11763 20973 1 7.08
15185 11741 11766 1 4.49
15186 20758 20667 1 55.16
15187 11766 11768 1 8.66
15201 20947 11717 1 20.22
15202 11780 20882 1 1.04
15203 20880 11780 1 32.19
15205 11783 11747 1 11.2
15211 20954 11723 1 19.32
15219 11766 11797 1 5.99
15220 11797 21010 1 8.27
15223 11679 11801 1 43.81
15224 11801 11715 1 21.53
15228 20947 20948 1 3.57
15229 11768 11805 1 27.9
15232 20981 11808 1 13.08
15233 20981 20979 1 8.86
15237 11678 11812 1 33.31
15238 11812 11780 1 19.87
15239 20667 11813 1 34.28
15240 20954 20972 1 23.15
15241 20953 11721 1 19.96
15242 20954 20953 1 13.82
15243 21001 20998 1 16.42
15244 11805 21001 1 3.45
15248 11818 20998 1 13.76
15250 11820 11813 1 4.58
15251 20758 11820 1 34.03
15252 21003 11818 1 3.63
15253 21001 21003 1 6.49
15255 11823 20764 1 8.17
15256 20764 11824 1 21.18
15257 11756 11825 1 18.0
15258 11825 20947 1 24.08
15262 20975 20973 1 18.91
15263 11829 11830 1 32.56
15264 11824 11829 1 4.55
15265 21007 11832 1 1.4
15266 11797 21007 1 9.01
15267 11833 11834 1 1.05
15268 20982 20981 1 13.82
15269 20982 11818 1 13.58
15270 11833 20975 1 0.44
15271 20955 20953 1 12.41
15272 20955 20954 1 9.85
15274 20982 11838 1 3.79
15281 11838 20983 1 7.84
15282 11845 21007 1 14.64
15284 11833 20972 1 18.95
15290 11780 20889 1 25.5
15291 11851 20977 1 2.51
15292 11853 20980 1 5.65
15293 11853 11851 1 9.55
15295 20983 11853 1 6.77
15296 20977 11833 1 8.66
15298 20778 11679 1 64.89
15299 11829 20778 1 20.52
15300 20778 11858 1 4.68
15304 11861 21011 1 1.25
15305 11861 21007 1 9.33
15306 11861 11863 1 8.78
15307 20955 20958 1 19.39
15310 11867 11805 1 20.73
15311 11867 11845 1 16.57
15312 11867 21008 1 0.6
15313 20892 11825 1 12.74
15316 11838 11871 1 14.96
15318 11867 11873 1 2.8
15319 11873 21003 1 28.45
15321 11874 11823 1 31.42
15323 11871 11876 1 4.61
15324 11801 20881 1 33.19
15325 11812 20881 1 29.88
15327 11879 20881 1 54.52
15328 11880 11861 1 7.85
15329 11880 11863 1 7.75
15330 11881 11882 1 0.48
15331 11882 11879 1 0.61
15332 20948 11883 1 32.92
15333 11883 20955 1 21.08
15334 11883 20951 1 1.51
15335 11861 11885 1 18.59
15336 11858 11886 1 38.77
15337 11801 11886 1 38.88
15338 11886 11882 1 1.87
15339 20660 11783 1 30.42
15341 11876 3479 1 8.27
15342 11880 11889 1 4.39
15343 20763 11874 1 9.62
15346 11813 11892 1 40.65
15347 21009 11873 1 8.31
15348 20959 20955 1 22.06
15350 20958 20976 1 18.22
15351 11885 21009 1 15.33
15353 20758 20759 1 36.07
15359 11902 21004 1 0.59
15360 21009 11902 1 19.89
15361 20892 20893 1 17.03
15363 20985 11871 1 19.24
15364 20985 21003 1 31.07
15365 3479 20977 1 11.71
15366 11783 20666 1 44.98
15367 20666 11892 1 38.1
15370 11909 11863 1 16.84
15371 11910 20976 1 11.85
15372 11910 20978 1 2.31
15374 20660 20666 1 31.58
15376 20984 11876 1 13.74
15377 11902 11914 1 5.02
15378 11915 20892 1 29.44
15379 20890 21896 1 0.49
15380 11917 11909 1 3.33
15381 11918 11820 1 33.7
15383 11920 20985 1 5.74
15384 11915 20890 1 0.74
15385 20889 11915 1 27.81
15386 11921 21009 1 13.07
15389 20986 11920 1 8.2
15390 11914 20986 1 13.38
15393 21898 21012 1 0.25
15394 21898 11880 1 17.57
15395 21898 11917 1 6.67
15400 11929 21634 1 0.98
15401 11931 11921 1 7.97
15407 11936 21898 1 4.05
15408 11937 11929 1 10.8
15410 11921 11937 1 8.54
15411 20893 21471 1 14.59
15412 21471 20890 1 41.94
15413 11940 11931 1 3.49
15415 9327 20881 1 53.12
15416 11915 9327 1 25.88
15420 11943 11940 1 3.12
15421 11940 21643 1 1.12
15424 20984 21493 1 10.05
15425 21493 11920 1 7.86
15426 11883 11947 1 21.4
15427 11947 21471 1 30.58
15428 11948 11943 1 5.55
15429 11948 21898 1 11.31
15431 11950 11947 1 15.63
15432 11947 21474 1 1.45
15433 11937 21641 1 4.18
15434 21486 20959 1 20.85
15435 21486 11950 1 15.19
15437 21486 11954 1 1.24
15438 11955 11858 1 34.69
15439 11956 21471 1 20.81
15440 11957 21494 1 3.54
15441 21493 11957 1 5.77
15442 11829 21156 1 48.43
15443 11950 21476 1 3.12
15445 21487 11910 1 17.56
15446 21487 21486 1 18.11
15447 11963 11948 1 12.54
15448 11964 20763 1 27.29
15450 9311 11940 1 8.52
15452 11882 11967 1 33.35
15453 9312 11963 1 1.33
15454 9312 21668 1 2.95
15455 11963 21668 1 3.42
15456 21668 11936 1 11.8
15457 21668 11969 1 10.6
15459 11967 21165 1 1.99
15463 11974 21487 1 5.71
15464 11975 9312 1 5.29
15465 21668 9315 1 4.2
15466 21487 11976 1 27.53
15467 11957 11976 1 8.52
15468 9315 11975 1 2.22
15469 11892 21064 1 30.54
15470 11978 11976 1 2.2
15471 11937 11979 1 15.79
15472 9311 11979 1 14.18
15474 9304 21635 1 1.14
15475 11929 9304 1 17.28
15476 11979 9304 1 12.09
15478 11976 21492 1 4.35
15479 9319 11874 1 37.55
15480 11823 9319 1 52.44
15481 11983 11975 1 2.88
15488 11990 11978 1 11.32
15489 11990 11991 1 19.93
15491 21472 21414 1 15.42
15494 20666 21060 1 34.93
15497 21633 11990 1 11.16
15498 9315 1854 1 6.07
15499 11950 11998 1 22.36
15502 12001 11978 1 10.37
15504 12003 9302 1 12.66
15505 12003 11979 1 13.23
15508 12003 21636 1 0.7
15512 11974 12009 1 19.62
15513 12009 21491 1 0.67
15514 21642 12003 1 13.7
15515 21642 9310 1 7.25
15517 11998 21475 1 21.99
15521 12015 21642 1 2.38
15523 21156 21157 1 22.69
15524 12018 12019 1 3.23
15525 12020 12019 1 10.01
15526 12020 11983 1 13.27
15528 12019 21670 1 1.8
15529 12023 21669 1 8.78
15530 12024 11998 1 20.96
15531 12024 11974 1 18.96
15534 12018 12015 1 15.97
15539 12031 12032 1 19.15
15541 9321 12020 1 7.1
15542 9321 21669 1 9.64
15543 21122 11964 1 27.18
15544 12034 12001 1 9.84
15545 12035 12018 1 12.08
15546 12020 12035 1 3.34
15551 12009 12034 1 11.61
15553 21398 20881 1 60.51
15554 12038 21398 1 7.6
15556 12040 9321 1 3.9
15558 9322 12035 1 3.94
15559 12042 11918 1 55.47
15560 12042 21878 1 2.19
15561 12042 21122 1 3.79
15562 12043 21122 1 14.78
15567 12038 9325 1 17.25
15569 12043 9332 1 19.21
15571 9326 21399 1 10.29
15572 21673 12040 1 4.79
15573 21673 12023 1 6.22
15575 11967 12047 1 36.65
15576 21398 12047 1 24.28
15580 9320 12049 1 3.25
15581 21673 12049 1 6.92
15585 12049 12052 1 2.54
15587 21673 12053 1 4.39
15588 12054 21157 1 11.22
15589 12052 21672 1 2.14
15591 12057 12024 1 12.14
15592 12053 21676 1 1.81
15594 21488 12057 1 0.54
15595 21671 9322 1 11.12
15596 12062 21127 1 19.26
15597 12063 12034 1 12.43
15598 12063 21496 1 0.52
15600 12054 12062 1 30.81
15601 11955 12066 1 40.75
15602 12047 12067 1 30.76
15603 12068 12069 1 13.36
15604 12070 21644 1 0.87
15605 12070 12015 1 14.59
15606 21647 12070 1 8.4
15607 21064 21060 1 32.56
15608 21064 12073 1 29.0
15609 21676 12074 1 1.0
15610 12074 12075 1 0.81
15611 12076 12077 1 15.44
15612 12066 12078 1 2.36
15613 12079 12068 1 12.6
15614 12080 12054 1 9.32
15615 12069 12080 1 10.86
15616 12078 21158 1 3.84
15617 21158 12079 1 3.8
15618 12077 21473 1 1.54
15619 12075 12083 1 1.73
15622 12086 21633 1 26.06
15623 9326 12087 1 14.79
15624 12088 21671 1 8.02
15625 21676 12089 1 6.23
15626 12090 21488 1 10.66
15629 12093 12090 1 8.65
15630 21399 12094 1 14.22
15632 12063 21638 1 11.53
15633 21638 21637 1 0.49
15634 21158 12098 1 5.07
15635 9331 21126 1 16.26
15636 12070 21645 1 13.07
15638 12093 21477 1 0.9
15639 21671 12103 1 7.79
15640 21672 12103 1 10.79
15641 12077 12093 1 34.61
15643 12083 21674 1 5.07
15645 21645 21646 1 7.52
15647 12063 12108 1 9.9
15649 21128 21127 1 23.93
15650 12062 21128 1 9.18
15651 12078 12111 1 11.94
15653 21675 12049 1 15.06
15654 21675 21673 1 14.97
15655 21674 21675 1 2.4
15656 21638 12114 1 11.29
15657 12114 12086 1 8.1
15658 21648 21647 1 11.65
15659 21648 12088 1 9.58
15660 21490 21488 1 13.16
15662 21675 12118 1 2.59
15664 21674 12120 1 2.95
15665 12118 12103 1 12.29
15666 12121 21490 1 3.8
15667 12121 21495 1 5.44
15668 21490 21900 1 1.39
15669 21489 21490 1 6.57
15670 12103 12124 1 7.1
15674 12127 12090 1 7.78
15677 12120 12130 1 5.22
15678 12089 12130 1 7.85
15679 12127 21489 1 7.79
15683 21645 12133 1 9.44
15687 12136 12121 1 7.21
15688 21064 21065 1 53.34
15689 21065 12042 1 57.84
15692 21646 12139 1 8.9
15693 12140 12130 1 0.78
15694 12141 12114 1 10.08
15695 12133 12141 1 3.72
15696 12141 21640 1 1.16
15698 12144 12141 1 4.54
15701 21166 12147 1 17.83
15702 12144 21639 1 10.07
15704 12150 21128 1 24.54
15705 12150 12080 1 19.69
15706 12147 21176 1 2.14
15707 21176 12047 1 26.82
15708 12152 12079 1 28.34
15710 21127 12154 1 25.61
15712 12150 21159 1 0.86
15713 21639 12157 1 1.43
15715 12154 12160 1 0.55
15717 12162 21648 1 10.56
15725 12171 12162 1 1.97
15727 12139 21660 1 3.96
15728 12171 21660 1 1.53
15729 12174 21126 1 23.69
15731 21677 12124 1 10.51
15732 21677 12162 1 12.54
15733 21660 12141 1 23.59
15734 12136 21502 1 4.26
15735 21167 12147 1 14.85
15736 12179 21398 1 32.05
15737 12179 12087 1 20.5
15738 21505 12136 1 16.37
15739 12108 21505 1 10.31
15740 21505 21639 1 21.36
15741 12179 21401 1 0.54
15742 12182 21675 1 9.71
15743 21167 21169 1 2.33
15744 12184 12179 1 15.86
15745 12184 12087 1 16.47
15746 12135 12184 1 13.95
15749 21158 21167 1 28.49
15750 21505 12187 1 1.06
15751 12182 12188 1 0.94
15752 12188 21679 1 1.2
15754 12191 21677 1 10.92
15758 12195 21065 1 12.85
15759 12196 12184 1 2.05
15767 21639 21650 1 8.77
15774 21065 21068 1 18.63
15775 21176 12208 1 25.46
15776 12208 21178 1 1.08
15780 12212 12127 1 11.9
15781 21661 12171 1 8.08
15786 12188 21680 1 6.43
15787 12218 12191 1 11.49
15788 12218 12182 1 7.92
15789 12073 21066 1 31.33
15790 12195 21066 1 11.67
15794 12144 12223 1 12.6
15795 21649 21650 1 6.22
15796 12179 12225 1 11.79
15800 12230 21400 1 3.27
15803 12208 12230 1 17.91
15810 12234 12235 1 1.02
15817 21662 21658 1 13.65
15818 21662 21661 1 6.1
15824 12247 12150 1 19.64
15825 12247 12152 1 24.13
15829 21129 12251 1 0.96
15830 12160 21129 1 22.94
15837 21649 12256 1 10.69
15838 21506 21649 1 9.52
15841 21129 12260 1 3.59
15844 21652 12256 1 2.4
15845 12223 21652 1 7.54
15851 21406 12196 1 19.24
15854 21661 21678 1 18.35
15855 12191 21678 1 19.92
15859 12272 12218 1 12.74
15860 21652 12273 1 3.17
15866 12256 12279 1 5.82
15870 12282 21662 1 9.13
15873 21066 12284 1 17.79
15874 12195 12284 1 18.24
15875 12284 21067 1 0.69
15877 12273 12286 1 15.48
15878 12286 21659 1 6.23
15880 21659 12282 1 8.95
15893 21125 12174 1 26.34
15895 12230 12300 1 17.94
15908 12300 12309 1 3.19
15912 21408 12196 1 24.84
15913 12314 12282 1 6.91
15915 12314 21663 1 1.55
15916 12300 21402 1 10.8
15921 12272 12322 1 11.03
15922 12323 12324 1 7.72
15926 21654 12327 1 0.27
15928 21681 12330 1 1.12
15932 12309 21404 1 2.09
15935 21663 21681 1 15.37
15936 21678 21681 1 10.69
15940 21063 21066 1 35.04
15944 21681 12343 1 10.71
15945 12343 12344 1 1.3
16029 12344 12272 1 13.09
16030 12284 12468 1 13.32
16031 12469 21063 1 4.0
16034 12344 21684 1 0.87
16035 12473 21654 1 5.58
16039 12473 21655 1 1.02
16045 12309 12482 1 18.62
16063 21664 12314 1 13.2
16065 12473 21664 1 19.48
16073 12505 21068 1 39.47
16074 21125 12505 1 23.43
16078 12505 21124 1 0.65
16079 12509 12344 1 7.83
16092 12482 21409 1 14.37
16093 21409 21408 1 15.11
16102 12526 12469 1 31.08
16103 12468 12526 1 13.07
16106 12529 21409 1 7.34
16111 21681 12534 1 16.46
16112 12343 12534 1 19.18
16150 12562 12563 1 4.95
16153 12526 12378 1 58.77
16154 21124 12378 1 11.98
16159 21410 21409 1 10.39
16171 21419 12562 1 16.52
16174 21410 21419 1 7.82
16176 21666 21664 1 20.25
16179 21407 12482 1 25.84
16208 12378 12606 1 18.96
16268 12652 21410 1 14.28
20090 11808 20980 1 15.4
20101 12234 15837 1 16.18
20386 12032 16075 1 18.11
20387 12031 16076 1 41.76
20390 12111 12067 1 16.3
20392 21406 12225 1 17.74
20396 21472 12076 1 46.02
20397 16084 20759 1 61.52
20582 21475 12076 1 6.6
20596 15837 12323 1 0.32
20597 12322 12323 1 1.3
20598 12225 12230 1 8.19
20599 12111 21166 1 1.41
20600 12067 12066 1 15.73
20601 12032 12038 1 15.67
20602 9327 12031 1 11.87
20603 11808 11765 1 0.85
20604 21471 21472 1 5.94
29653196 21878 21122 1 1.92
29653209 21895 20956 1 0.62
29653210 21896 11915 1 0.26
29653274 21060 12073 1 32.12
29653392 20759 20763 1 39.72
