486 631 159
19906
19900
20198
21043
19945
20396
21026
19896
19907
20227
21314
20213
19936
21313
20226
21020
20387
19893
20251
20207
20214
21321
21037
21056
19946
21046
21094
21091
20199
21086
20195
20194
19942
20217
20263
20390
21051
21072
19944
20247
21013
21052
19948
20211
20395
21015
21090
20252
21084
20216
20265
20270
21041
21032
20249
20264
21033
21030
19895
20229
20225
20234
21021
20279
20285
20246
21098
21318
20230
21045
21085
20210
20220
20248
20275
21027
21071
20218
19935
21088
21316
21044
20224
21048
21092
21087
20244
20260
19904
20282
21036
19905
21093
21042
19937
21075
19902
20397
21095
21061
19880
20209
20258
21019
20284
20257
20259
20388
21016
21029
20389
20403
21328
20222
19947
20262
20208
21028
21024
20193
19892
21059
21038
19909
21100
20204
20273
20659
19901
20215
21101
20402
21053
21022
21057
20281
19943
20205
20254
20277
19930
20398
21070
21017
19934
20269
21034
20221
21096
20189
20276
20274
21097
20223
21018
20197
20399
20253
21315
2539 21092 2045 1 31.85
2540 20253 20252 1 6.94
2561 21069 21070 1 12.33
11894 9297 19945 1 24.41
11895 9297 20207 1 5.53
11906 9316 20215 1 27.26
11913 9329 20195 1 44.7
14278 19892 11042 1 7.34
14279 19892 19880 1 26.77
14423 11042 19901 1 71.38
14482 19892 19900 1 44.26
14483 19900 19901 1 36.68
14523 11248 19904 1 1.16
14528 19901 11248 1 50.07
14537 19904 19930 1 49.54
14539 19893 19892 1 55.19
14626 19895 19893 1 19.69
14658 11358 19895 1 8.88
14669 19896 11358 1 1.99
14680 11375 19895 1 12.49
14750 19930 19931 1 64.97
14786 11460 19931 1 9.56
14795 11467 11460 1 1.9
14822 19902 11248 1 83.47
14832 11495 19902 1 2.2
14838 11495 19896 1 96.55
14917 11557 11375 1 59.11
14931 19935 11520 1 20.74
14952 19935 19931 1 77.22
14956 19935 19936 1 23.27
14970 19936 19937 1 10.8
14971 19937 19941 1 10.29
14978 19944 19947 1 22.83
14983 19941 19942 1 11.11
15011 19897 11557 1 39.67
15025 19942 11646 1 14.64
15031 19905 11495 1 55.94
15032 19905 11467 1 69.31
15036 19938 19937 1 20.47
15059 19943 11646 1 17.29
15060 19943 19944 1 23.99
15063 19905 19906 1 9.21
15068 11674 11675 1 0.25
15070 19943 19938 1 30.11
15076 19943 11674 1 3.79
15082 19905 19907 1 31.97
15086 19907 19935 1 91.09
15132 11722 19905 1 29.19
15133 11722 19907 1 20.54
15153 11739 19905 1 66.22
15154 19943 19946 1 31.38
15161 19908 11722 1 6.12
15189 11770 19908 1 4.85
15234 19909 11770 1 7.78
15249 11819 11770 1 16.65
15273 11837 11739 1 44.85
15275 19906 11839 1 68.68
15278 11839 11841 1 6.86
15280 19946 11843 1 22.01
15285 19909 11847 1 47.17
15294 11847 11839 1 21.39
15340 11843 19948 1 17.28
15349 20656 15900 1 67.81
15356 20657 20659 1 16.43
15375 19934 11819 1 36.73
15391 19945 19943 1 76.92
15402 11932 20656 1 13.09
15403 11932 21013 1 3.26
15405 21013 11935 1 14.52
15406 11935 20657 1 26.52
15409 19946 20214 1 62.76
15414 19948 20214 1 27.51
15436 20214 11932 1 43.43
15461 20214 9316 1 16.1
15462 11973 20214 1 27.18
15473 21014 11935 1 15.39
15486 11841 11988 1 106.12
15487 21026 11908 1 31.64
15495 20207 11973 1 45.96
15500 20189 19934 1 33.7
15510 21025 21026 1 12.44
15511 20659 21025 1 65.01
15527 12021 21059 1 7.64
15533 12026 9297 1 13.66
15535 12026 20208 1 1.96
15537 20191 20189 1 14.72
15540 20189 9329 1 34.17
15550 20191 9329 1 12.18
15552 20195 12026 1 27.79
15563 9316 20216 1 23.73
15564 21025 12021 1 38.2
15577 20189 12048 1 13.09
15578 12048 20191 1 12.76
15599 20190 12048 1 10.45
15621 12085 12026 1 15.2
15627 12091 12021 1 19.04
15646 21024 21025 1 23.64
15671 12125 21014 1 39.74
15675 20216 12128 1 25.37
15676 12128 21015 1 11.91
15690 21016 12125 1 2.99
15691 21024 21016 1 55.56
15697 12085 12143 1 18.84
15699 12125 12145 1 37.57
15700 12128 12145 1 2.5
15703 11988 20130 1 42.69
15711 12145 21017 1 1.14
15714 20209 12159 1 8.5
15716 12143 20211 1 1.96
15719 12165 20209 1 7.57
15720 12166 21017 1 4.29
15726 12172 20190 1 22.55
15747 21029 12091 1 14.22
15748 12186 12166 1 12.19
15755 12192 11973 1 60.07
15756 12193 21024 1 12.8
15757 12194 21029 1 1.8
15760 12197 11988 1 101.29
15761 12192 12165 1 12.78
15765 12201 12085 1 23.37
15770 12201 20210 1 13.32
15771 20210 12143 1 14.29
15772 20211 12192 1 24.72
15777 20194 12172 1 8.7
15778 20195 20196 1 36.01
15779 12201 20196 1 10.52
15784 20217 12159 1 22.84
15785 20217 12186 1 24.78
15798 21017 21021 1 28.68
15804 21028 12194 1 15.63
15811 21021 12236 1 3.05
15812 21016 12236 1 19.09
15835 20212 12192 1 13.26
15848 21027 12193 1 14.37
15850 21028 21027 1 31.24
15862 21017 21018 1 23.03
15867 12159 12280 1 30.67
15871 12283 21028 1 16.99
15872 12283 12194 1 18.55
15882 20192 12197 1 61.9
15883 20192 20194 1 20.52
15894 12299 20217 1 18.83
15896 21018 12301 1 4.33
15897 12280 12299 1 17.14
15903 20130 12305 1 29.91
15909 20197 12201 1 22.19
15910 12311 20192 1 5.34
15911 21061 12283 1 7.46
15914 21022 12236 1 28.12
15934 12280 20218 1 9.46
15947 21039 21023 1 38.9
15948 21039 21048 1 5.53
15949 12350 21031 1 26.28
15950 12350 21053 1 11.59
15951 20199 12354 1 1.62
15952 20199 20198 1 16.96
15956 12361 21054 1 11.43
15966 12374 12350 1 13.91
15971 12382 20199 1 36.2
15972 12382 12383 1 8.89
15993 21057 21071 1 15.57
15994 12414 20224 1 1.36
15995 20223 12414 1 25.28
16002 21056 21053 1 16.31
16003 12427 20219 1 34.89
16005 21055 12350 1 14.57
16006 12374 12432 1 14.86
16037 12311 20193 1 12.48
16041 12479 20194 1 36.13
16044 12481 21027 1 19.04
16081 12511 12280 1 28.74
16084 20213 20212 1 26.6
16085 20213 12511 1 1.21
16096 12301 12521 1 18.18
16097 12522 21061 1 17.47
16107 12521 21020 1 9.27
16109 20193 12532 1 27.82
16124 21062 12522 1 8.73
16129 21023 21022 1 17.7
16130 21023 12481 1 24.23
16137 12521 21019 1 6.59
16152 12564 12565 1 1.99
16155 12305 12564 1 52.2
16156 12566 20213 1 13.01
16172 12166 12579 1 55.37
16175 12579 21019 1 25.6
16185 12587 12197 1 56.6
16186 12532 12587 1 18.23
16189 21032 12591 1 1.24
16193 21031 21030 1 11.72
16197 21033 21032 1 6.71
16198 21033 21061 1 29.15
16203 12602 12481 1 28.62
16205 12591 21031 1 18.93
16216 21062 21072 1 12.96
16220 21070 21033 1 13.54
16231 12311 12622 1 42.97
16255 12565 12639 1 50.38
16256 12587 12639 1 13.69
16273 20198 12622 1 25.55
16284 20219 12566 1 18.51
16285 12622 12665 1 10.64
16286 12665 12479 1 34.92
16299 21069 21033 1 13.81
16300 21070 21062 1 21.67
16305 21019 21034 1 27.47
16311 12639 20137 1 9.39
16312 12579 20223 1 19.42
16317 20139 12587 1 29.74
16346 12704 20139 1 4.03
16360 21034 21036 1 22.73
16362 12715 12566 1 30.52
16388 21048 12602 1 32.78
16392 21054 21069 1 12.3
16399 21053 21054 1 13.32
16401 12354 12704 1 29.4
16404 12741 12665 1 19.65
16419 12749 12361 1 22.99
16420 21073 12749 1 0.42
16427 21042 21049 1 8.97
16428 12756 21073 1 7.95
16433 21072 21073 1 30.29
16434 20204 12741 1 5.48
16437 12762 20204 1 0.22
16439 21071 12361 1 4.1
16445 12766 21039 1 6.12
16446 12374 12766 1 18.36
16449 12383 12762 1 0.89
16452 21042 21023 1 50.41
16453 12766 21042 1 4.12
16469 12432 21055 1 7.47
16472 12776 12756 1 3.99
16478 12780 21036 1 41.44
16479 12780 12414 1 6.18
16482 20224 12427 1 56.82
16483 21052 12432 1 3.12
16484 12427 20220 1 10.34
16485 20140 12704 1 25.85
16486 12354 12786 1 41.13
16490 12786 20140 1 1.88
16496 21040 21036 1 26.81
16498 21042 21040 1 34.63
16503 12776 12800 1 15.13
16505 21041 21042 1 17.65
16506 21049 21050 1 13.22
16507 21050 21052 1 12.09
16510 21040 21038 1 3.54
16517 21037 12780 1 22.62
16521 21038 21037 1 15.74
16523 12815 12776 1 7.51
16531 12821 12715 1 30.69
16532 20220 12821 1 16.28
16565 12843 20197 1 87.08
16566 12843 12715 1 59.04
16570 21049 21043 1 19.72
16597 21075 12815 1 14.1
16598 12800 21075 1 17.19
16615 21050 21051 1 18.94
16616 12780 12884 1 21.39
16623 21051 21058 1 2.77
16624 12821 12891 1 19.09
16626 21050 21058 1 16.55
16639 12884 20226 1 20.67
16647 12907 12843 1 11.62
16652 12891 12912 1 8.16
16654 20205 12383 1 63.86
16655 12907 20205 1 2.09
16658 12916 12907 1 1.31
16659 12912 12916 1 0.59
16662 20225 20226 1 11.83
16669 20201 20199 1 58.53
16670 20201 12382 1 32.52
16674 12912 12931 1 2.26
16744 21044 21038 1 30.86
16745 21043 21044 1 43.41
16748 20222 20225 1 23.36
16769 20221 20220 1 39.05
16771 20221 20222 1 17.99
16784 13017 12891 1 31.36
16785 13017 20221 1 14.19
16786 20227 12884 1 35.4
16835 20228 20227 1 7.97
16851 13066 21075 1 43.5
16852 12432 13066 1 69.52
16855 13069 20227 1 10.6
16856 20230 20228 1 14.45
16873 20222 13079 1 18.89
16908 21045 20230 1 21.02
16928 13120 21044 1 27.4
16942 21046 21047 1 29.16
16950 20229 20228 1 16.85
16960 21045 13142 1 21.53
16961 13142 13120 1 3.54
16962 13142 21046 1 3.0
16974 13079 13153 1 18.01
16975 13069 13153 1 20.81
16996 13169 13153 1 8.83
17025 13186 13142 1 13.07
17030 20229 13189 1 15.44
17038 13196 13079 1 29.53
17039 13196 13169 1 19.93
17060 13213 13169 1 17.89
17061 13213 13189 1 23.16
17066 20244 13017 1 44.41
17069 21046 21088 1 42.17
17070 21058 21088 1 64.8
17071 13221 13196 1 5.14
17072 20246 13221 1 0.81
17073 13223 13186 1 21.71
17083 13230 20244 1 17.69
17084 13230 13221 1 3.0
17085 13221 13231 1 6.26
17094 13231 13237 1 1.06
17098 13189 20265 1 13.27
17112 13251 20265 1 1.84
17113 13251 13223 1 16.57
17118 13237 13213 1 32.6
17165 21084 13186 1 24.18
17166 20248 20246 1 14.2
17167 20248 13231 1 11.34
17184 13294 20248 1 1.81
17187 13237 13296 1 17.23
17206 13313 20245 1 1.29
17207 13313 13230 1 16.41
17208 13313 13294 1 11.48
17232 20247 13313 1 4.23
17243 13337 21084 1 16.37
17258 20247 20249 1 6.48
17261 20249 13350 1 3.64
17262 13350 20254 1 13.14
17263 13296 20254 1 11.93
17277 20234 20244 1 39.35
17303 13350 13381 1 10.51
17304 13381 20254 1 6.98
17305 13382 13251 1 41.76
17312 20250 20247 1 12.48
17339 20252 20250 1 9.13
17340 13381 20252 1 8.14
17353 20250 13417 1 7.55
17354 20234 13418 1 12.82
17355 20267 20266 1 11.64
17366 13382 20267 1 25.14
17376 20252 20264 1 30.78
17377 20264 13382 1 17.09
17389 13444 20255 1 7.67
17390 13444 20264 1 4.03
17392 20256 13444 1 0.95
17409 13417 20251 1 9.38
17410 20251 20253 1 6.14
17412 20250 13418 1 50.91
17413 20266 20268 1 26.15
17414 20268 13337 1 26.77
17432 13476 20253 1 7.71
17433 13476 20256 1 12.9
17434 13476 20251 1 7.76
17457 13491 13476 1 5.94
17461 21088 13494 1 61.17
17462 13494 21089 1 43.0
17476 13507 13491 1 9.55
17480 13418 13512 1 21.89
17488 20257 13507 1 9.44
17492 13520 13512 1 11.53
17499 20267 20271 1 27.05
17525 13520 20251 1 55.87
17527 20271 20256 1 58.3
17556 13564 20258 1 1.58
17560 13569 13564 1 3.56
17561 13570 13569 1 2.66
17562 13494 13571 1 17.81
17563 13571 21089 1 43.02
17565 13569 13572 1 4.92
17566 20260 13507 1 16.36
17567 20260 13491 1 18.54
17568 20260 13570 1 10.89
17584 13572 13588 1 7.74
17586 13512 13590 1 21.84
17587 13590 13520 1 18.46
17591 21085 20268 1 43.63
17602 21090 13571 1 10.3
17609 13582 21090 1 49.45
17613 13612 20271 1 35.67
17614 21085 13612 1 9.47
17635 20269 20260 1 35.35
17636 20271 20269 1 29.87
17663 21090 13646 1 16.65
17666 13590 13649 1 23.75
17667 13588 13649 1 15.48
17683 20262 20260 1 25.59
17691 13646 21087 1 19.23
17706 13646 21091 1 39.47
17710 21085 13683 1 41.96
17714 13649 20259 1 10.81
17715 20259 13588 1 26.43
17718 21087 13688 1 8.2
17719 21086 13683 1 28.93
17724 13683 13688 1 8.65
17728 13612 13695 1 35.21
17729 13695 21086 1 27.27
17745 13695 20270 1 4.11
17791 20263 20269 1 32.1
17792 20270 20263 1 17.57
17793 13688 21092 1 16.45
17798 21086 21092 1 37.58
17810 13748 20262 1 26.2
17838 13766 13768 1 1.44
17839 20259 13768 1 19.72
17842 13768 13770 1 0.56
17843 13770 13748 1 4.19
17859 20270 20278 1 18.14
17860 21086 20278 1 37.05
17866 20273 13768 1 5.99
17870 13791 20273 1 3.18
17871 13791 13770 1 7.86
17882 13798 13791 1 7.83
17886 21091 13801 1 29.98
17890 13803 21092 1 22.73
17892 20263 20277 1 21.81
17893 20277 13798 1 26.05
17895 20278 20277 1 30.33
17902 13817 13818 1 3.71
17903 21096 13818 1 2.93
17904 21096 13817 1 3.4
17905 21096 13820 1 5.91
17910 13828 21096 1 0.86
17911 13828 13818 1 4.23
17913 13831 13828 1 0.83
17915 21101 13835 1 38.71
17918 13838 20285 1 18.04
17925 20395 13852 1 7.9
17931 13859 13860 1 2.72
17934 13865 13866 1 1.92
17936 13869 13865 1 2.53
17965 13910 21321 1 3.31
17966 21318 13913 1 5.92
17977 13798 13925 1 7.33
18014 13803 21094 1 23.71
18015 21094 2045 1 23.47
18016 13925 13957 1 15.17
18017 20277 13957 1 25.11
18023 13962 20273 1 25.26
18036 20278 13970 1 29.42
18037 13971 20277 1 40.23
18038 13970 13971 1 1.34
18041 13970 20279 1 1.37
18045 13977 13962 1 5.41
18046 22010 13970 1 6.43
18047 22010 13803 1 50.89
18051 13982 13983 1 11.33
18052 13982 13977 1 4.0
18054 13977 13985 1 12.09
18055 13962 13985 1 14.38
18058 21093 21094 1 13.58
18061 13985 20274 1 13.98
18062 13957 20274 1 15.3
18082 2045 21100 1 32.02
18101 20274 14020 1 18.63
18110 14020 14025 1 9.52
18111 14025 20282 1 10.66
18112 20282 20279 1 30.88
18119 20275 13982 1 24.28
18123 14036 20274 1 20.58
18139 13835 14043 1 15.86
18142 14051 14052 1 4.1
18143 14052 14036 1 16.86
18144 14053 20275 1 5.7
18145 14053 14051 1 3.97
18152 14052 20276 1 15.84
18153 20276 14036 1 6.6
18158 14062 21100 1 24.68
18159 14062 13835 1 9.42
18163 20280 20282 1 14.41
18164 20280 14025 1 18.46
18168 20284 22009 1 13.65
18169 20276 14071 1 9.98
18170 14071 14020 1 22.41
18171 21095 20284 1 11.96
18178 14076 14053 1 10.7
18181 21098 14062 1 7.93
18182 14051 14078 1 16.97
18183 14078 20276 1 12.58
18185 14079 21098 1 7.87
18186 14076 14078 1 16.43
18188 20285 20283 1 7.48
18193 21097 14079 1 9.82
18197 14071 14087 1 28.39
18198 14087 20280 1 11.62
18218 14099 21095 1 23.69
18219 14099 14079 1 38.31
18220 13820 21097 1 21.16
18223 13817 14099 1 1.18
18230 13838 13818 1 34.08
18233 21101 14104 1 30.8
18236 14108 14076 1 25.28
18237 20281 14087 1 15.44
18239 14108 14111 1 25.3
18241 20281 14113 1 22.33
18246 14117 14111 1 11.65
18250 14113 14117 1 11.02
18255 14122 13831 1 10.59
18259 20281 14125 1 8.52
18260 14125 13838 1 16.26
18263 14111 14128 1 16.63
18279 20384 14108 1 8.16
18280 14128 20384 1 11.79
18284 14122 21101 1 48.45
18294 21313 13831 1 16.11
18297 21313 14150 1 13.33
18298 14122 14150 1 10.71
18303 20384 14154 1 9.1
18304 14154 14128 1 9.45
18328 14150 14171 1 8.53
18338 14125 20397 1 28.25
18339 13818 20397 1 48.72
18340 20397 14180 1 15.32
18343 14182 14122 1 37.18
18345 14180 14184 1 17.51
18351 20387 20281 1 51.86
18366 14197 14182 1 9.74
18369 14184 14200 1 11.79
18370 14200 21313 1 23.74
18371 21314 14200 1 1.37
18372 14171 21314 1 12.67
18373 21314 14197 1 24.06
18376 14203 21314 1 0.8
18377 14197 14204 1 29.55
18385 20395 20397 1 22.56
18388 14154 20388 1 28.36
18389 20388 20387 1 15.13
18403 13852 14215 1 5.13
18415 20388 20389 1 12.54
18417 20395 20394 1 29.81
18418 14227 21315 1 54.59
18419 20395 14229 1 11.48
18445 14245 14246 1 12.97
18453 14229 20396 1 7.21
18464 14260 14229 1 13.84
18465 14260 13852 1 15.18
18478 20394 20390 1 17.89
18479 20389 20390 1 14.35
18486 14274 20390 1 0.92
18491 20396 14276 1 4.89
18493 14274 14278 1 2.03
18498 14280 14278 1 1.16
18506 14280 13859 1 3.17
18508 20390 14282 1 4.85
18511 13860 13869 1 0.35
18519 14282 14286 1 21.25
18520 14276 14286 1 13.88
18523 14288 14260 1 17.63
18552 14310 14204 1 23.62
18565 20402 14288 1 9.4
18570 14322 14282 1 27.3
18571 14286 14322 1 10.2
18576 14215 14325 1 61.96
18581 20398 14322 1 6.55
18582 14330 20402 1 7.43
18591 14325 14227 1 2.23
18592 14227 14337 1 20.99
18593 21319 14339 1 7.01
18601 21317 14325 1 10.65
18605 14322 20399 1 3.81
18606 20399 20402 1 20.19
18614 14354 14330 1 9.77
18623 14360 14227 1 5.81
18624 21319 14360 1 21.03
18625 21316 21317 1 8.93
18626 14362 14354 1 2.93
18636 20403 14371 1 5.01
18654 14384 20403 1 8.37
18659 14389 21316 1 15.95
18660 14389 14384 1 10.1
18687 13913 14389 1 12.7
18688 14407 14360 1 21.55
18716 14426 14427 1 14.69
18717 14426 14428 1 15.2
18733 14441 14442 1 15.05
18740 14450 14451 1 6.54
18754 14465 14426 1 18.17
18755 14451 14466 1 19.38
18759 21331 14450 1 12.28
18763 14450 14472 1 12.0
18764 14472 21331 1 8.21
18765 14473 14451 1 24.35
18767 14475 14473 1 4.73
18770 14478 21328 1 0.23
18771 21819 14465 1 3.88
18777 14485 21819 1 8.0
18785 21330 14485 1 3.1
18786 21330 14475 1 11.51
18790 14494 21328 1 3.87
18794 21329 14494 1 3.35
18807 14494 14509 1 10.44
20065 14330 14362 1 37.29
20066 20403 15809 1 7.94
20067 14427 15810 1 7.49
20068 15811 15812 1 12.23
20069 15813 15814 1 18.3
20070 14276 14288 1 25.79
20071 15814 14466 1 16.7
20072 14485 15815 1 3.09
20073 15815 21819 1 8.9
20074 14465 15815 1 10.38
20075 14337 15816 1 16.47
20076 15817 14451 1 25.08
20077 14473 15818 1 8.16
20078 14407 14428 1 18.6
20079 15819 14389 1 11.4
20080 21315 14246 1 30.6
20081 20403 15819 1 12.79
20082 15816 14339 1 8.51
20083 15816 21319 1 9.53
20084 14441 15817 1 30.58
20173 15899 15900 1 55.34
20174 15901 15899 1 25.14
20382 16068 20221 1 46.17
20624 21315 14184 1 14.8
20625 14339 14310 1 0.48
20690 15813 14465 1 13.27
20691 14466 15813 1 13.7
20692 14451 14441 1 4.72
20693 14466 15811 1 0.01
20694 14428 13910 1 1.31
20696 14427 21318 1 0.1
20697 14246 14203 1 6.62
20698 13913 14407 1 5.95
20699 14371 14362 1 1.69
20700 14362 16246 1 4.34
20701 14337 14245 1 12.81
29653149 21819 21328 1 2.39
29653291 22009 22010 1 20.85
29653292 20283 22009 1 19.9
