1018 1316 190
17130
17237
17135
17134
17238
17304
17923
17204
17253
17976
17236
17095
17133
17087
17024
17228
17169
17255
17299
17290
17292
17323
17371
17307
16812
17994
16700
17316
17113
16798
17246
16804
17163
17201
17254
16791
17284
17171
17190
17249
16707
17941
17303
17027
17998
18016
17313
17205
17294
17213
17153
17091
16785
17038
18013
16706
17269
17026
18065
17306
17243
17090
17226
16996
17309
16998
18014
17143
18036
17216
17178
17257
17318
17288
17293
17088
17930
17265
17120
16806
16989
17157
16971
17308
17161
17979
17996
16801
16810
17025
16721
17925
16787
16972
16382
17268
17227
16807
17310
18027
17260
18028
16713
17376
17278
18017
17084
16988
17128
17991
17283
17927
16990
17259
17986
17375
17136
16708
17330
17030
17032
16995
17980
18008
17103
17102
17997
18000
17146
17140
17298
17117
18019
17118
18007
17116
17037
16800
16986
17132
17999
17273
17261
16987
17158
17214
17149
17995
17300
16997
17148
17142
17329
16786
16991
17314
17333
17110
17028
17295
17175
17939
17023
17373
17098
17337
16790
16794
17221
17241
17114
17928
16709
17096
17262
16715
17176
17234
16802
17931
17196
16993
17093
17193
17034
16717
17291
17195
16973
17092
103 161 162 1 29.22
104 161 163 1 4.51
105 17986 165 1 5.81
106 166 167 1 13.7
107 166 168 1 24.49
108 169 17924 1 8.32
109 17026 172 1 22.08
110 173 174 1 2.91
111 175 16720 1 17.23
112 169 177 1 10.84
113 178 179 1 9.86
114 174 180 1 3.85
119 187 17231 1 18.93
120 189 190 1 10.97
122 190 192 1 0.72
123 193 194 1 9.24
124 195 196 1 10.03
125 192 196 1 0.4
854 16788 860 1 19.66
1662 1352 16972 1 4.5
1688 16971 1372 1 3.72
1689 1372 1376 1 8.24
1707 1372 16783 1 17.92
1730 16783 1404 1 23.73
1734 1404 16775 1 8.33
1736 1408 16700 1 0.25
1750 16971 16973 1 31.28
1751 16973 1352 1 37.19
1753 17014 1422 1 0.77
1756 1424 1422 1 1.74
1757 1425 1422 1 1.29
1759 1425 1424 1 2.7
1760 1427 1423 1 1.86
1761 1424 1427 1 2.93
1764 1429 1404 1 8.48
1765 1429 16782 1 2.77
1768 1433 1427 1 0.85
1769 1434 1425 1 2.11
1770 1434 1433 1 6.0
1774 1437 17025 1 3.77
1776 1437 1434 1 15.12
1777 1440 1437 1 1.35
1781 1443 1444 1 6.0
1782 1380 16997 1 44.24
1783 1444 16997 1 1.84
1787 1423 17024 1 15.67
1788 17024 1443 1 27.1
1791 16775 16790 1 30.41
1795 1452 16790 1 5.28
1798 16785 16784 1 8.4
1803 16790 1459 1 26.72
1804 1459 1429 1 17.04
1805 1460 1440 1 16.97
1806 1461 16785 1 8.1
1807 1462 17929 1 4.28
1809 16700 16711 1 24.75
1810 1459 16800 1 7.82
1811 1466 1452 1 8.54
1812 1461 1466 1 17.81
1813 1466 16791 1 4.42
1814 16791 1452 1 8.19
1815 16997 1468 1 16.54
1816 17028 1440 1 18.28
1817 17028 1460 1 7.41
1818 1470 16791 1 2.13
1821 1473 1470 1 1.35
1822 17023 1433 1 34.1
1823 1475 1460 1 19.22
1826 1477 1429 1 28.27
1827 1459 1477 1 23.21
1828 16986 1477 1 26.45
1830 1462 17930 1 12.83
1833 16806 1477 1 2.73
1834 1433 1484 1 26.03
1835 16801 1459 1 15.05
1836 1486 16791 1 21.65
1837 1487 1468 1 11.22
1838 16711 1488 1 21.58
1839 1488 16713 1 10.56
1840 16801 1486 1 9.02
1843 1491 1473 1 12.38
1844 1492 1473 1 9.72
1845 1493 17930 1 16.04
1846 1494 16973 1 32.71
1847 1494 16987 1 2.63
1848 1496 1477 1 21.2
1849 1496 1494 1 22.11
1850 1497 16806 1 15.44
1851 1497 16801 1 13.55
1852 17976 1493 1 4.28
1853 1488 1499 1 9.53
1854 1499 16786 1 0.97
1855 1461 16786 1 28.79
1856 1501 1496 1 5.94
1858 1503 17921 1 11.42
1859 1503 1502 1 15.99
1860 1505 1503 1 4.79
1861 17029 17028 1 21.18
1862 17029 1475 1 29.03
1863 1507 17927 1 24.35
1864 16802 1491 1 10.04
1865 16801 16802 1 16.32
1866 1509 16786 1 4.41
1867 1507 17931 1 1.01
1870 17032 1475 1 28.38
1871 1502 17032 1 4.07
1873 1514 17930 1 16.55
1874 1514 1507 1 14.4
1875 16806 16808 1 17.37
1876 1501 16808 1 16.18
1878 16987 16988 1 22.57
1879 16708 16709 1 26.29
1880 16804 1497 1 11.53
1881 1520 17976 1 13.76
1882 1482 1520 1 37.66
1883 1521 16714 1 7.4
1885 1509 16715 1 7.01
1886 1525 1509 1 8.4
1887 1526 16804 1 11.42
1888 1526 16808 1 12.34
1889 1527 1525 1 2.22
1890 1527 16715 1 2.39
1891 1528 1505 1 12.87
1892 16715 1529 1 15.94
1893 1529 16788 1 1.96
1894 17927 1530 1 28.57
1895 1531 1525 1 4.9
1896 17932 1514 1 10.79
1897 860 1492 1 17.53
1898 1521 16709 1 6.87
1899 16716 1527 1 3.57
1900 1531 16716 1 1.7
1901 1534 1531 1 13.45
1902 1535 1505 1 54.61
1903 1530 1535 1 2.73
1904 16802 16793 1 19.25
1905 17928 1535 1 1.82
1906 17928 1538 1 6.12
1907 1539 16802 1 15.79
1908 16793 1540 1 1.79
1909 1541 17032 1 18.71
1910 16793 1542 1 12.8
1913 1542 1539 1 2.91
1914 1542 16804 1 25.39
1915 860 1547 1 6.7
1916 1540 1547 1 4.8
1917 17030 17029 1 21.81
1918 16709 16710 1 17.1
1919 1534 16710 1 14.02
1920 16803 1542 1 2.79
1921 16988 16996 1 48.77
1922 1487 16996 1 35.62
1923 16807 16805 1 12.97
1924 17991 17989 1 15.07
1925 1484 1555 1 34.77
1926 17032 17923 1 28.69
1927 1557 1528 1 40.73
1928 1557 1535 1 11.57
1929 17934 17928 1 23.03
1930 17931 17934 1 29.82
1931 16717 16710 1 7.12
1932 1529 16794 1 18.01
1933 1561 16807 1 17.03
1934 16797 16796 1 7.83
1935 1547 16797 1 23.17
1937 17937 17932 1 18.66
1938 17033 17030 1 16.57
1939 1568 17934 1 14.27
1940 175 1531 1 20.45
1941 17936 17934 1 16.55
1942 16717 175 1 33.54
1943 16717 1570 1 20.98
1944 17933 1568 1 4.88
1945 1572 1564 1 5.94
1946 1573 16794 1 10.71
1947 17991 1574 1 17.91
1948 167 17933 1 1.37
1949 162 17030 1 27.96
1951 1575 1572 1 2.74
1952 168 17936 1 3.85
1953 1520 1577 1 30.03
1954 1578 17989 1 31.19
1955 1579 168 1 0.95
1956 1580 17937 1 5.44
1957 1581 1582 1 5.42
1958 1578 1583 1 3.42
1959 17991 1583 1 18.86
1961 1586 1581 1 6.33
1962 1583 1587 1 1.41
1963 17026 162 1 20.33
1964 16797 1588 1 10.78
1965 1574 1589 1 3.75
1966 16382 1584 1 1.12
1967 16382 1575 1 4.07
1968 1591 16989 1 19.14
1969 1482 1593 1 56.42
1970 179 1580 1 2.21
1971 1577 179 1 12.85
1972 16996 1582 1 28.94
1973 17924 1557 1 20.88
1974 16993 1501 1 58.9
1975 16993 16992 1 12.37
1976 1596 1579 1 7.6
1977 1596 179 1 0.91
1979 1597 1582 1 3.3
1980 1597 1586 1 8.81
1981 163 17033 1 10.35
1982 163 1541 1 29.41
1983 1593 1598 1 4.97
1984 165 1593 1 2.75
1985 165 1598 1 5.73
1986 1598 1578 1 13.86
1987 1577 17978 1 4.93
1989 1602 1593 1 38.47
1990 16803 1603 1 24.61
1993 16794 1606 1 16.18
1994 1588 1603 1 10.5
1995 1607 1577 1 9.43
1996 1607 1602 1 2.63
1997 1608 1609 1 4.64
1998 1608 16382 1 5.32
2000 1612 1610 1 0.72
2001 1608 1612 1 4.45
2004 1615 1607 1 3.79
2005 1616 161 1 3.55
2006 1617 173 1 7.2
2007 173 1618 1 7.19
2008 177 1617 1 6.43
2010 1619 1607 1 6.87
2011 180 1620 1 3.77
2012 1620 166 1 1.73
2013 17980 1619 1 0.77
2014 17980 1602 1 8.28
2015 1622 16993 1 12.4
2016 17978 178 1 11.14
2017 1623 1616 1 1.77
2018 1623 17037 1 4.71
2019 1620 17935 1 5.71
2020 16707 1570 1 17.45
2021 1627 17986 1 7.2
2022 17034 1623 1 3.89
2023 1629 173 1 7.73
2024 1630 1629 1 2.26
2025 1630 1620 1 1.62
2026 1603 16809 1 17.0
2027 17935 1632 1 2.2
2028 1608 16704 1 16.73
2029 17981 178 1 3.63
2030 17981 1615 1 9.57
2031 1627 1635 1 3.7
2032 1598 1635 1 10.88
2033 17923 17925 1 43.84
2034 1632 1637 1 2.16
2035 1637 17935 1 1.76
2036 1637 1630 1 6.02
2037 1638 169 1 11.36
2038 17925 1638 1 1.77
2039 17979 1619 1 10.11
2040 17981 22171 1 8.26
2041 1596 1641 1 13.63
2042 1635 17990 1 4.19
2043 22171 1641 1 5.38
2044 1643 17981 1 1.89
2045 17979 1643 1 4.5
2046 1641 1632 1 14.66
2047 16795 16720 1 27.23
2048 17037 17925 1 62.87
2049 1622 1645 1 28.87
2050 16798 1573 1 26.68
2051 1647 16810 1 22.92
2052 1645 1649 1 19.21
2053 1597 1649 1 19.06
2054 16798 1647 1 7.52
2055 17986 1650 1 14.54
2056 1650 1627 1 10.43
2057 1555 16998 1 36.35
2058 1652 1641 1 4.68
2059 1653 1619 1 9.19
2060 1653 17980 1 9.06
2061 1654 1643 1 5.02
2062 16990 1561 1 41.49
2063 16810 16990 1 58.0
2064 16989 16990 1 21.79
2065 1656 177 1 12.07
2066 1657 1650 1 1.09
2067 16994 1622 1 22.25
2068 172 1659 1 12.62
2069 16991 16994 1 8.91
2070 16990 1661 1 2.74
2071 1662 1654 1 6.94
2072 1619 1662 1 11.5
2073 17938 1652 1 10.36
2074 16704 1664 1 15.9
2075 17038 17037 1 18.93
2076 1661 16991 1 21.0
2077 1649 1666 1 5.9
2078 16998 1666 1 3.16
2079 17983 1662 1 6.04
2080 17983 1653 1 4.74
2081 1668 1637 1 10.3
2082 1668 17938 1 6.58
2083 1669 1654 1 4.14
2084 1662 1669 1 4.48
2085 1670 1668 1 0.88
2086 1671 22171 1 10.47
2087 1672 17034 1 32.15
2088 1673 17983 1 4.43
2089 1673 1653 1 5.7
2090 1664 16705 1 5.79
2091 1675 22171 1 14.97
2092 1669 1675 1 4.18
2093 1676 1657 1 8.69
2094 1666 1677 1 5.33
2095 1677 1659 1 16.39
2096 1671 1675 1 7.48
2097 1678 162 1 34.67
2098 1678 1672 1 4.52
2099 1679 1638 1 17.23
2100 1670 1680 1 7.3
2101 17939 1671 1 5.04
2102 1635 1682 1 16.72
2103 16705 1683 1 9.8
2104 1684 1669 1 8.92
2105 17984 17983 1 8.08
2106 1686 1676 1 8.92
2107 1686 1673 1 11.88
2108 17982 1675 1 5.43
2109 17982 17939 1 9.24
2110 16812 16810 1 42.94
2111 1659 1689 1 23.69
2112 1689 1678 1 18.2
2113 16812 16990 1 22.23
2114 1683 16706 1 4.82
2115 16706 16707 1 22.24
2116 16720 1691 1 23.03
2117 1692 16795 1 21.16
2118 1691 1693 1 0.85
2119 1694 17038 1 26.45
2120 16706 1695 1 3.5
2121 1693 16721 1 1.96
2122 1697 1670 1 13.84
2123 16721 1698 1 0.8
2124 1695 16718 1 8.61
2125 1656 1700 1 28.32
2126 16718 1701 1 4.27
2127 1702 17982 1 13.96
2128 17036 1623 1 28.34
2130 1706 17940 1 4.54
2131 1706 17939 1 11.15
2132 1682 1708 1 11.0
2133 1709 1679 1 16.07
2134 16995 1645 1 45.15
2135 1709 1694 1 16.16
2136 1708 1711 1 1.19
2137 1702 17985 1 12.32
2138 17985 1684 1 16.06
2139 1689 17027 1 18.36
2140 1678 17027 1 14.25
2141 16799 16798 1 32.37
2142 1701 1715 1 4.69
2143 1700 1716 1 8.5
2144 17941 1706 1 3.52
2145 17941 1702 1 12.23
2146 17027 17035 1 18.52
2147 1711 1719 1 2.44
2148 1720 17036 1 6.53
2149 17035 1721 1 17.44
2150 17036 1721 1 9.1
2151 1722 1686 1 16.87
2152 1721 1720 1 5.94
2153 1682 1723 1 42.32
2155 1715 1724 1 12.27
2156 1725 16705 1 24.71
2157 1723 1705 1 20.66
2158 1709 1726 1 6.73
2159 1716 1726 1 7.75
2160 1724 17093 1 2.01
2161 1728 1729 1 7.84
2162 17081 1725 1 8.94
2163 1729 1731 1 5.3
2164 17093 1732 1 3.28
2165 1731 1716 1 11.76
2166 1733 1697 1 18.42
2167 1733 1728 1 20.41
2168 1715 17084 1 14.08
2169 1735 1722 1 7.82
2170 17209 1661 1 38.08
2171 17138 16812 1 41.31
2172 1735 1738 2 11.9
2173 17209 16995 1 37.15
2174 1723 1739 1 26.12
2176 17083 1725 1 7.21
2177 17136 17138 1 2.07
2178 1742 16799 1 13.26
2179 16706 17083 1 28.61
2180 1742 17124 1 20.22
2181 17124 17138 1 10.62
2182 1720 1744 1 23.21
2183 1726 1745 1 10.21
2184 17994 1745 1 2.79
2185 1698 1747 1 21.9
2186 1748 1745 1 4.44
2187 1726 1748 1 8.91
2189 17092 1732 1 10.5
2190 1721 1751 1 18.9
2191 1732 17097 1 22.24
2192 1747 17097 1 6.04
2193 1744 1753 1 16.21
2194 1753 1745 1 11.7
2195 17097 1754 1 7.64
2196 1747 1754 1 6.96
2197 17282 1720 1 17.65
2198 17282 1744 1 23.13
2200 1757 1742 1 21.28
2201 1666 17221 1 43.42
2202 1751 17276 1 12.84
2203 1751 17282 1 23.95
2206 1763 1692 1 39.52
2207 1763 1757 1 9.74
2208 1754 1764 1 8.32
2209 1765 1763 1 3.82
2210 1764 1765 1 9.89
2212 17985 18035 1 39.86
2214 17121 1765 1 5.42
2216 1733 1770 1 25.81
2217 1748 1770 1 37.72
2218 17085 17092 1 27.04
2219 1772 1754 1 14.12
2220 1772 1764 1 5.76
2222 17092 17095 1 15.91
2223 17083 1775 1 25.39
2226 1777 1772 1 2.4
2227 1765 1777 1 5.76
2228 1778 1779 1 0.39
2229 1777 1778 1 0.74
2230 1779 1777 1 0.58
2234 1748 17995 1 18.97
2236 1784 1777 1 5.76
2237 17210 17209 1 31.67
2238 1775 17085 1 23.79
2239 17140 17210 1 25.31
2240 1787 17124 1 24.45
2241 17210 17218 1 47.44
2242 17082 1775 1 8.4
2244 18036 1770 1 58.98
2245 17941 18036 1 46.71
2246 18036 18035 1 29.97
2247 1792 17282 1 25.2
2248 1753 1792 1 35.71
2249 17218 1793 1 20.3
2250 17221 1793 1 35.45
2251 17137 17140 1 27.31
2252 1770 1795 1 17.38
2253 1795 1796 1 7.35
2255 17122 1765 1 24.1
2256 17122 17125 1 22.51
2257 17995 17996 1 17.59
2258 1796 17996 1 7.3
2259 1801 17082 1 14.46
2260 1801 17087 1 16.64
2261 1787 1803 1 14.12
2263 1793 17220 1 6.91
2264 1806 17137 1 10.91
2265 1792 1807 1 10.48
2268 1809 17122 1 10.63
2269 1810 17087 1 39.51
2270 17095 1810 1 31.31
2271 1778 1810 1 38.97
2273 17125 17127 1 20.28
2274 1813 1810 1 1.13
2275 17096 1810 1 4.9
2278 1815 17096 1 0.5
2280 17086 1801 1 9.94
2284 17220 1819 1 7.38
2285 1820 1815 1 2.28
2286 1803 1821 1 9.34
2287 1822 17276 1 75.49
2288 1823 1820 1 1.34
2289 1824 1823 1 0.72
2290 1825 1784 1 24.5
2291 1826 1824 1 0.65
2297 1837 1826 1 0.53
2298 1838 1837 1 1.48
2299 1839 1838 1 0.48
2300 18035 1840 1 50.82
2301 1840 18037 1 1.39
2304 1822 17281 1 49.61
2305 1844 1839 1 3.92
2306 1845 1844 1 0.23
2309 1847 1845 1 1.62
2310 1848 1809 1 10.62
2311 1848 17127 1 9.14
2312 1849 1778 1 34.99
2313 1850 1847 1 1.27
2314 1851 1850 1 0.25
2315 1852 1851 1 0.7
2316 1853 17281 1 26.09
2317 1807 1853 1 18.69
2319 17088 17086 1 9.23
2320 1857 1852 1 1.7
2321 1858 1857 1 1.15
2322 1859 1858 1 0.29
2323 1860 1859 1 0.24
2324 1861 1860 1 0.79
2325 1862 1861 1 0.96
2326 1863 1862 1 0.34
2327 17211 1819 1 42.37
2328 1865 1825 1 9.09
2329 1865 1809 1 14.32
2330 17130 1865 1 0.1
2331 1867 1863 1 0.45
2332 1868 1867 1 1.52
2333 1869 1868 1 0.24
2334 1870 1869 1 0.32
2335 1871 1870 1 0.42
2336 1872 1813 1 11.63
2337 1873 1871 1 0.2
2338 1874 1873 1 0.93
2339 1875 1806 1 18.34
2340 1876 1874 1 0.23
2341 1877 1876 1 1.14
2342 1878 1813 1 15.62
2343 17139 1875 1 25.68
2344 1878 1872 1 9.62
2345 1880 1877 1 0.58
2346 1881 1880 1 0.29
2347 1882 1872 1 1.75
2348 17212 17211 1 18.14
2349 17142 1821 1 13.39
2350 1875 17142 1 3.37
2351 17210 1885 1 34.46
2352 17212 1885 1 1.24
2353 1886 1881 1 1.13
2354 1887 1848 1 6.15
2355 1885 17139 1 36.69
2356 17102 1849 1 8.87
2357 1889 1878 1 3.12
2358 17102 1889 1 9.2
2359 1890 1849 1 11.55
2360 1865 1890 1 7.46
2361 17098 1886 1 1.46
2362 1892 17098 1 0.22
2363 17090 1892 1 5.29
2364 1894 17089 1 3.51
2365 17089 17088 1 6.98
2366 18001 18036 1 39.4
2367 1897 1822 1 25.6
2368 17277 1897 1 3.04
2369 1882 1899 1 20.3
2370 1899 1892 1 7.65
2371 17089 17090 1 17.51
2373 1902 1887 1 25.82
2374 17996 1903 1 28.37
2375 1903 1795 1 30.92
2376 1902 17133 1 1.77
2377 1905 1819 1 24.61
2378 1906 1882 1 7.84
2379 17998 1903 1 1.5
2381 1910 17220 1 28.33
2382 1865 17131 1 16.41
2383 17131 1887 1 9.55
2384 17090 1912 1 4.82
2385 1910 17226 1 4.06
2386 1890 17131 1 15.4
2391 17285 17996 1 59.12
2393 1905 1910 1 28.31
2396 1919 1792 1 41.66
2397 17285 1919 1 2.99
2398 1919 1920 1 0.76
2399 1921 1919 1 0.86
2400 1922 1902 1 12.19
2401 17142 1922 1 17.85
2402 17226 1897 1 38.16
2403 1923 18001 1 13.26
2404 17099 1912 1 14.43
2405 17099 1899 1 12.12
2406 17281 17283 1 28.51
2407 1853 17283 1 24.43
2408 17129 17131 1 16.59
2409 1927 1928 1 1.61
2410 17214 17212 1 32.98
2411 17141 1922 1 10.36
2412 1931 1906 1 22.53
2413 17103 1933 1 1.82
2414 1934 17103 1 1.41
2415 1933 1889 1 21.53
2416 17215 1905 1 20.39
2417 17100 1931 1 2.41
2418 1937 17214 1 3.47
2419 1937 17215 1 5.56
2420 17283 1938 1 10.54
2421 1931 17099 1 19.14
2422 17129 17128 1 8.04
2425 1937 1941 1 1.62
2426 1942 1938 1 1.89
2427 1920 1942 1 29.77
2428 17131 1943 1 22.26
2429 1933 1927 1 17.57
2431 1934 17128 1 16.31
2432 1941 1945 1 6.16
2433 1946 17141 1 13.35
2435 17284 1942 1 8.83
2436 17278 1897 1 27.27
2438 17142 17146 1 44.94
2439 1952 1938 1 9.53
2442 17143 17141 1 22.03
2443 1955 1885 1 39.17
2444 1956 17284 1 3.44
2445 17128 17132 1 13.61
2446 1958 17132 1 5.02
2447 17998 1959 1 35.68
2448 17146 1955 1 14.56
2450 17101 1931 1 13.14
2451 1955 17213 1 12.15
2452 1963 1959 1 5.17
2453 1943 17134 1 14.48
2454 17134 1958 1 22.39
2455 1965 1946 1 20.33
2456 17146 1965 1 4.55
2458 1928 17101 1 25.46
2459 1945 1966 1 9.24
2460 1967 1963 1 6.65
2461 1967 1921 1 38.94
2468 18000 17998 1 43.59
2469 1946 17144 1 14.29
2470 17223 1910 1 39.07
2471 17223 17224 1 3.44
2472 17103 1977 1 20.06
2473 17213 1978 1 5.96
2474 1978 1937 1 31.71
2475 17997 1967 1 4.95
2476 1980 18000 1 6.01
2477 1980 1923 1 31.43
2478 1981 17278 1 16.83
2479 1981 17279 1 18.31
2480 1983 1956 1 12.02
2482 17283 1985 1 33.7
2483 17280 1952 1 24.74
2484 1985 17280 1 2.81
2486 1912 1988 1 46.46
2487 17134 17135 1 13.24
2488 17104 1933 1 24.01
2489 1977 17104 1 6.83
2490 1991 17101 1 9.89
2491 17104 1992 1 0.68
2492 1978 1993 1 7.59
2493 1966 1994 1 9.18
2495 1996 1981 1 7.18
2496 17135 17143 1 20.92
2499 17135 1998 1 4.75
2500 1999 17091 1 35.79
2501 1959 17999 1 38.95
2502 18000 17999 1 16.59
2504 17227 1996 1 6.2
2505 17255 17223 1 11.14
2506 2005 17135 1 22.58
2507 17144 17145 1 12.57
2508 17145 2007 1 0.3
2509 2007 2005 1 8.9
2510 1980 2008 1 19.33
2511 2008 18022 1 7.68
2512 2010 18022 1 10.42
2513 1988 2011 1 11.8
2514 2012 1978 1 16.06
2515 2013 2011 1 0.41
2519 2018 2013 1 0.37
2520 1993 17232 1 18.78
2521 2020 1983 1 15.66
2522 2021 2018 1 0.32
2523 2022 2021 1 0.48
2530 2035 2022 1 0.33
2531 2036 1955 1 25.67
2532 2037 2035 1 0.44
2535 1985 2039 1 21.6
2536 2040 2037 1 0.34
2537 17254 17255 1 9.22
2541 2048 17091 1 10.58
2542 2049 1965 1 30.19
2543 2036 2049 1 3.47
2544 2050 2040 1 0.44
2546 2048 2011 1 15.65
2547 2052 2036 1 2.38
2548 2052 2012 1 5.19
2549 2053 2050 1 0.27
2551 2055 2053 1 0.23
2552 2056 2055 1 0.69
2553 2056 17108 1 1.25
2554 2058 2056 1 2.73
2555 17111 1991 1 15.95
2556 17111 2048 1 26.76
2557 1998 2060 1 12.49
2558 17228 2049 1 4.29
2564 17228 2036 1 4.02
2566 17228 2052 1 3.05
2567 1992 2073 1 17.24
2568 2073 17104 1 17.55
2569 2074 2007 1 40.85
2570 2075 17216 1 15.15
2571 17254 2077 1 6.36
2572 2077 2078 1 7.35
2573 2075 2077 1 13.04
2574 2079 2074 1 2.41
2575 2079 17228 1 1.69
2576 2080 2079 1 0.29
2579 17151 2060 1 7.62
2580 17151 2005 1 20.53
2581 2084 2020 1 7.22
2582 2085 17255 1 16.26
2583 2078 2085 1 9.71
2584 2073 2086 1 2.0
2585 2087 2079 1 1.32
2586 2088 2073 1 2.09
2587 2086 2088 1 0.88
2588 17298 2090 1 0.43
2589 2091 2080 1 3.1
2590 17298 2092 1 2.08
2591 2092 2084 1 0.95
2592 2086 17147 1 3.83
2593 17147 2094 1 19.1
2597 17232 17233 1 13.49
2598 1994 17233 1 26.54
2599 2098 2087 1 1.93
2600 2098 2099 1 0.91
2601 2092 17997 1 36.54
2602 17233 2075 1 11.5
2604 17114 17111 1 12.2
2605 2088 17114 1 27.07
2606 2102 2098 1 1.27
2607 2102 2099 1 1.01
2608 2091 2103 1 1.89
2609 2087 2103 1 3.51
2612 17135 2086 1 51.95
2613 2052 2105 1 9.74
2614 2105 17233 1 32.79
2615 17227 17260 1 19.0
2616 2060 2107 1 6.1
2618 17999 2109 1 19.78
2619 17253 2075 1 13.09
2620 2077 17253 1 7.58
2621 17150 2107 1 7.25
2622 2103 2112 1 7.05
2623 2112 2102 1 3.32
2624 2085 2113 1 15.01
2626 2105 2112 1 5.19
2627 17260 2113 1 11.72
2629 17286 17260 1 10.05
2638 17253 2125 1 6.03
2642 17161 2091 1 21.61
2643 2039 2131 1 20.03
2645 2113 2133 1 6.47
2648 2125 2136 1 10.47
2651 2085 17259 1 13.57
2652 2133 17259 1 4.84
2655 17233 17234 1 12.75
2656 2136 17234 1 3.26
2657 2103 17162 1 16.71
2658 2125 2144 1 3.81
2665 17297 17298 1 19.89
2666 18018 18022 1 29.95
2667 17229 17162 1 17.06
2668 2131 2153 1 12.2
2670 2155 17286 1 18.01
2671 17297 2155 1 62.21
2672 2156 17997 1 45.42
2673 2156 1963 1 55.02
2676 17287 2155 1 3.56
2677 2109 2159 1 12.24
2678 2160 2155 1 1.15
2679 17115 17114 1 26.78
2680 18018 2162 1 11.22
2681 2163 17161 1 19.13
2682 17101 1999 1 0.76
2684 2159 2162 1 6.22
2685 2165 17229 1 2.69
2686 2165 2112 1 11.3
2687 2166 2088 1 17.11
2689 2166 17148 1 5.87
2693 17115 2166 1 4.97
2699 2159 18017 1 2.6
2703 2178 2179 1 1.45
2704 17110 17114 1 27.42
2705 2178 2156 1 3.45
2706 17162 2181 1 12.66
2707 2133 2182 1 11.22
2708 17159 17151 1 29.63
2709 17159 2163 1 8.88
2718 17234 17252 1 17.6
2719 2144 17252 1 8.37
2720 17235 17234 1 19.76
2721 18002 2178 1 3.07
2723 17299 17297 1 19.53
2724 17299 2092 1 24.76
2725 2179 17299 1 24.65
2730 2199 18002 1 2.66
2733 17259 17256 1 16.93
2736 2203 2199 1 1.8
2737 18003 2203 1 4.65
2738 2205 17148 1 12.3
2739 2205 17150 1 29.82
2740 2206 2165 1 10.92
2743 2209 18003 1 0.61
2750 2216 17235 1 14.55
2751 2216 2206 1 2.1
2752 2107 17153 1 25.03
2753 17230 2216 1 1.54
2755 2220 17153 1 1.05
2756 17159 2220 1 19.47
2759 2223 2205 1 3.01
2761 18006 2209 1 6.51
2762 2226 17110 1 19.15
2765 17116 2226 1 11.6
2766 17116 17115 1 20.9
2767 18007 18017 1 21.17
2768 2223 17149 1 2.16
2769 17149 2232 1 3.01
2772 2234 2220 1 3.88
2773 18007 18006 1 17.06
2774 2206 2235 1 17.02
2777 2237 17252 1 18.92
2778 2238 2232 1 13.0
2779 2239 2203 1 5.8
2780 17153 2238 1 10.95
2781 2182 17262 1 15.42
2782 17263 2242 1 7.05
2783 17164 17229 1 24.83
2784 2235 17164 1 3.85
2785 2162 18019 1 26.03
2789 2248 17159 1 15.03
2791 18006 18004 1 5.71
2793 17160 2252 1 8.33
2794 17149 2253 1 5.35
2795 2181 2254 1 18.56
2796 2255 18017 1 19.37
2797 18019 2255 1 18.38
2800 17160 2234 1 16.87
2801 17117 2223 1 22.22
2802 2252 2254 1 10.98
2807 2226 17113 1 9.57
2809 17297 17296 1 31.17
2812 17288 17263 1 13.6
2813 17287 17288 1 24.26
2816 17290 2160 1 24.29
2819 2273 17116 1 13.48
2820 2273 17117 1 7.08
2821 17110 17112 1 13.3
2822 17112 17113 1 11.43
2823 17256 17261 1 15.57
2826 2254 2276 1 6.46
2827 17257 17252 1 21.02
2828 2278 17257 1 0.51
2829 2279 17290 1 1.13
2831 2281 2232 1 12.04
2833 2281 2238 1 11.63
2836 17164 2284 1 8.92
2842 18008 2255 1 8.79
2846 2293 18019 1 10.76
2849 2216 2295 1 22.64
2850 18008 18007 1 20.97
2856 17237 17257 1 26.8
2857 17237 2237 1 15.13
2858 2302 2278 1 10.34
2859 17261 2302 1 6.92
2862 2276 17163 1 6.96
2863 17164 17163 1 21.39
2866 17262 195 1 14.71
2871 2309 2310 1 3.73
2872 2309 2253 1 15.27
2874 2309 2281 1 18.54
2878 2315 2239 1 16.51
2882 2315 18005 1 2.76
2883 17165 17164 1 15.95
2884 2284 17165 1 7.86
2885 2319 2309 1 1.99
2895 2326 2319 1 1.24
2896 2326 2281 1 20.75
2897 17288 17289 1 16.86
2898 17152 2281 1 10.49
2904 17165 17163 1 16.79
2906 2295 17236 1 8.22
2907 17236 17237 1 14.35
2908 18020 18008 1 23.25
2909 18020 2293 1 7.66
2911 2336 2302 1 7.67
2914 2338 17289 1 10.08
2916 2336 2340 1 4.28
2921 17270 2340 1 5.27
2925 2345 2338 1 5.02
2926 17296 17300 1 14.56
2928 2348 2349 1 5.37
2929 2348 2279 1 14.4
2930 2350 2326 1 2.64
2931 17258 2336 1 2.91
2932 2340 17258 1 2.63
2940 2356 17163 1 9.26
2942 17165 193 1 10.75
2943 17289 189 1 4.3
2944 2358 2345 1 6.07
2945 2349 2358 1 6.37
2946 17236 187 1 3.91
2955 2365 18014 1 0.53
2956 2365 18008 1 17.84
2957 196 2367 1 1.1
2960 2367 17270 1 6.55
2963 194 17238 1 7.07
2964 17231 17238 1 6.86
2965 17266 17258 1 4.04
2971 2377 2350 1 4.72
2974 190 17271 1 6.87
2975 17271 189 1 5.06
2976 17309 2179 1 56.18
2981 2385 2350 1 8.59
2982 2377 2385 1 4.72
2987 2356 17172 1 7.66
2991 2391 2385 1 1.24
2992 2358 2392 1 5.99
2997 17118 2273 1 32.42
3005 2356 2403 1 6.69
3006 2404 2326 1 13.72
3007 2404 2391 1 0.85
3008 187 2405 1 6.51
3017 2410 17271 1 3.6
3019 2411 2410 1 0.28
3021 2392 2413 1 4.62
3022 2413 2348 1 8.9
3024 2410 192 1 11.65
3026 17300 17301 1 8.44
3035 2420 17266 1 7.47
3038 2422 2315 1 14.26
3041 17238 2424 1 11.47
3044 2426 2420 1 2.15
3049 2429 2365 1 7.22
3050 2420 2430 1 5.76
3051 17264 2432 1 3.5
3054 17264 2426 1 4.61
3055 18013 2435 1 12.22
3056 2429 2435 1 1.08
3061 2440 2422 1 1.75
3062 2440 18013 1 7.55
3064 2429 18015 1 1.67
3068 17304 2446 1 3.11
3069 2430 2447 1 4.32
3071 2449 17118 1 5.05
3075 2234 17156 1 39.99
3077 2447 2453 1 3.46
3082 2403 17167 1 6.76
3083 2446 2459 1 5.68
3084 2459 17309 1 8.96
3087 2432 2462 1 3.94
3088 2462 17264 1 6.59
3089 17174 17172 1 8.21
3090 17302 17304 1 13.93
3096 2424 17244 1 9.27
3099 17156 17152 1 21.8
3103 2474 2475 1 28.39
3104 17301 2474 1 8.06
3105 2474 17302 1 4.19
3106 2405 2476 1 9.93
3107 17244 2476 1 7.46
3111 2479 2411 1 9.78
3112 2422 18009 1 18.13
3114 17265 2462 1 6.46
3117 194 17239 1 15.23
3121 2488 17265 1 1.8
3122 17310 2459 1 5.21
3123 18015 18027 1 21.33
3124 18027 18020 1 25.72
3126 18027 2492 1 0.34
3127 18009 2493 1 10.53
3128 2493 2239 1 53.63
3129 2476 2494 1 3.49
3131 17272 2479 1 2.98
3133 2498 2499 1 3.61
3134 2499 17167 1 11.48
3135 2500 17246 1 1.09
3136 2500 2488 1 5.09
3138 2494 2500 1 4.19
3139 2503 2404 1 17.04
3140 17168 2499 1 1.64
3141 17154 2377 1 18.35
3146 17239 17240 1 11.92
3147 22485 2449 1 13.7
3148 2509 2494 1 3.17
3149 2510 2488 1 3.42
3153 17310 17311 1 22.29
3154 2493 17311 1 2.95
3156 2500 2515 1 1.76
3157 2516 2510 1 1.08
3158 2449 17119 1 15.55
3159 17119 2404 1 22.42
3160 17119 2503 1 5.85
3167 17173 17167 1 11.55
3174 2528 2440 1 14.08
3175 2435 2528 1 19.66
3177 2509 2529 1 4.99
3180 2453 2532 1 18.75
3181 17155 17154 1 9.52
3182 17155 17152 1 28.0
3183 2534 2498 1 13.81
3186 2515 2536 1 2.21
3187 2536 2516 1 3.26
3188 2529 2537 1 2.53
3189 2515 2537 1 2.02
3190 17166 17156 1 19.07
3191 17166 2534 1 0.75
3192 2539 17156 1 15.07
3194 2537 2536 1 2.07
3195 2541 17174 1 12.95
3196 17154 2503 1 24.83
3197 17155 2539 1 8.75
3198 17303 2474 1 11.07
3199 2543 17272 1 5.25
3201 2536 2545 1 1.21
3202 2543 2532 1 5.27
3203 2546 17311 1 5.41
3204 2547 2548 1 4.62
3207 2550 2413 1 18.86
3208 2550 2475 1 20.53
3211 2548 17119 1 13.3
3212 17245 2509 1 11.67
3213 2553 2543 1 3.87
3217 17168 17169 1 8.17
3221 2559 17245 1 2.53
3222 2559 17247 1 9.39
3223 17240 2559 1 13.5
3224 2358 2561 1 28.57
3225 2561 2550 1 4.61
3228 2563 2474 1 15.88
3236 2563 17307 1 2.13
3237 17274 2532 1 12.91
3247 17177 2541 1 8.08
3248 17177 17165 1 34.06
3249 2553 17291 1 4.34
3250 17166 17158 1 17.78
3251 17158 17156 1 15.62
3252 2528 2579 1 8.33
3253 2539 17158 1 16.93
3254 2546 2579 1 28.45
3257 2581 2579 1 0.44
3259 2583 17291 1 1.56
3260 18010 2546 1 7.16
3264 17291 2587 1 3.68
3265 17177 2588 1 8.29
3266 2588 17241 1 11.29
3267 18011 2581 1 1.03
3268 2591 18011 1 7.02
3270 2587 2593 1 2.51
3271 2553 2593 1 9.75
3274 2596 17239 1 18.65
3275 2583 2587 1 4.98
3276 2593 2597 1 4.63
3277 17241 2596 1 8.71
3278 18011 2598 1 0.55
3279 2599 17293 1 4.11
3282 2602 17274 1 5.8
3283 2598 2603 1 0.96
3285 17175 17168 1 22.63
3286 2606 2561 1 8.24
3287 2606 2599 1 9.53
3288 2607 17303 1 15.94
3292 2597 2606 1 5.0
3295 2596 17247 1 6.63
3297 2612 17175 1 1.02
3298 17119 2613 1 18.25
3299 17292 2597 1 3.84
3300 2612 17177 1 17.56
3301 17292 2593 1 4.58
3302 2599 17294 1 10.89
3303 2607 2616 1 15.48
3304 2616 17303 1 14.65
3308 2620 18010 1 5.6
3315 2620 17313 1 9.39
3316 2616 2627 1 3.47
3321 17170 17175 1 18.31
3324 17295 2607 1 4.24
3325 17294 17295 1 7.54
3328 2634 2545 1 21.16
3334 2639 2563 1 11.48
3335 2627 2639 1 5.54
3336 17268 2602 1 8.98
3338 2613 2642 1 4.71
3339 2588 2643 1 10.85
3342 2645 17247 1 5.32
3343 2646 2634 1 6.56
3344 17268 2646 1 4.65
3347 17158 2648 1 9.89
3348 2602 17273 1 7.09
3349 2650 2612 1 10.51
3362 2646 2660 1 7.71
3372 2667 17310 1 27.64
3373 2639 2667 1 12.17
3374 2668 2645 1 4.42
3377 18028 18027 1 31.3
3379 2627 17305 1 7.89
3380 17178 2650 1 5.2
3381 17243 2588 1 26.44
3382 17243 2668 1 0.97
3383 2537 17250 1 24.64
3385 2677 2678 1 2.74
3386 2678 2583 1 14.08
3390 17273 2677 1 14.65
3391 17267 2660 1 6.54
3392 2545 2682 1 21.45
3393 2682 17267 1 1.06
3394 17250 2682 1 7.78
3398 2684 2603 1 14.71
3399 2685 2667 1 1.81
3400 2686 2606 1 13.55
3401 2686 2599 1 14.17
3402 2685 2687 1 0.35
3403 2688 2685 1 1.4
3411 2648 2695 1 8.95
3413 2697 17178 1 1.85
3414 2697 17177 1 15.26
3416 17308 2687 1 0.77
3423 2705 17292 1 12.35
3432 2684 2710 1 4.08
3435 18016 2710 1 4.29
3436 18016 2684 1 3.76
3437 18028 18016 1 23.7
3438 2713 2668 1 5.2
3439 2713 17243 1 5.39
3440 17249 2645 1 15.73
3441 17249 17250 1 16.65
3445 2718 17295 1 18.85
3446 17305 2718 1 13.47
3447 17269 2660 1 7.06
3448 17312 2688 1 14.62
3451 2682 2722 1 6.74
3458 17318 17319 1 3.69
3459 17319 2736 1 0.67
3465 2745 2746 1 10.84
3466 17330 2746 1 17.92
3535 2722 17269 1 4.29
3537 2861 17243 1 12.75
3538 2862 17312 1 12.76
3542 17275 17268 1 21.75
3543 2866 17176 1 7.12
3544 2868 17242 1 1.21
3550 2678 2874 1 10.31
3551 2695 17157 1 8.43
3552 2874 17275 1 6.16
3555 2603 18012 1 23.43
3556 17314 2862 1 5.18
3557 17314 2620 1 19.12
3562 2883 17314 1 3.65
3564 2710 18012 1 20.52
3569 2889 18028 1 11.83
3572 2642 17120 1 29.39
3573 17119 17120 1 41.09
3574 17179 2866 1 9.48
3575 17179 2697 1 10.15
3576 2866 17171 1 24.48
3583 2899 2697 1 13.72
3584 2899 2868 1 9.2
3587 2901 2899 1 0.46
3591 17248 2713 1 8.84
3594 17251 17250 1 14.36
3595 2687 17306 1 17.57
3600 2718 17377 1 8.72
3602 2918 2686 1 23.84
3606 2922 2901 1 3.79
3608 2922 17179 1 6.66
3615 2928 2883 1 12.64
3616 18012 2928 1 11.81
3617 17375 2918 1 1.58
3618 17375 17294 1 28.42
3623 2933 17314 1 10.73
3639 18065 2928 1 2.2
3642 2874 17337 1 8.64
3644 2950 17251 1 4.44
3646 2710 2952 1 15.59
3649 2954 2922 1 6.22
3652 2722 17328 1 11.68
3655 2952 18065 1 17.34
3658 17157 2959 1 10.23
3660 17328 2961 1 1.57
3663 17306 17384 1 10.35
3665 17337 2705 1 30.02
3667 2928 2965 1 3.77
3668 18065 2965 1 3.86
3669 17171 17201 1 17.25
3676 2745 2950 1 14.63
3677 17328 2745 1 1.71
3680 2973 2686 1 20.15
3681 17375 2973 1 16.0
3690 17201 2981 1 5.78
3691 17320 2950 1 3.06
3692 17389 17314 1 11.38
3693 2965 17389 1 14.02
3701 2992 2981 1 23.22
3704 2996 18016 1 19.47
3706 2959 2998 1 4.42
3707 2998 2992 1 0.93
3709 2952 3000 1 14.38
3711 2996 3000 1 3.37
3715 17371 2973 1 2.54
3717 3006 2996 1 0.8
3729 3013 17377 1 11.85
3730 17384 3013 1 5.98
3746 2961 3026 1 16.09
3748 17275 3026 1 23.09
3749 17337 3028 1 7.82
3754 17389 3032 1 9.23
3755 17336 3028 1 2.39
3756 3034 17371 1 4.29
3759 17330 3026 1 1.3
3760 17190 17193 1 10.92
3761 17120 17190 1 27.96
3764 17248 3039 1 14.12
3767 17318 3039 1 0.56
3773 3013 3045 1 4.01
3776 17375 3045 1 23.29
3779 3050 2954 1 26.14
3789 3057 17312 1 26.45
3793 3032 3061 1 12.65
3794 3062 17190 1 1.91
3796 3045 3063 1 4.93
3799 2965 3065 1 9.66
3808 17194 2981 1 20.14
3816 17204 3050 1 2.7
3820 17194 17193 1 9.44
3823 3039 2736 1 3.63
3832 2746 17329 1 0.96
3833 3086 3062 1 12.66
3834 3086 17194 1 4.84
3838 17389 3091 1 10.97
3888 2736 3133 1 5.36
3889 17320 3133 1 25.15
3928 3028 17338 1 13.63
3929 3034 17338 1 22.8
3941 3176 17194 1 20.99
3945 3176 3050 1 30.28
3957 17376 17371 1 24.68
3958 17376 17375 1 23.46
3967 2901 17315 1 30.43
3987 3133 17321 1 19.09
3988 17321 3210 1 0.39
3989 17321 17329 1 21.91
4000 17191 3086 1 12.18
4002 17335 17330 1 16.64
4003 17336 17335 1 23.59
4007 3045 3225 1 15.36
4027 3241 3176 1 7.69
4038 3248 17315 1 19.4
4039 3248 17319 1 14.1
4048 17373 3034 1 20.22
4049 17376 17373 1 24.29
4072 17338 3273 1 10.17
4075 17192 17190 1 22.28
4076 17192 17191 1 7.64
4084 17372 17335 1 24.88
4085 3273 17372 1 1.98
4087 17196 3241 1 6.61
4088 17333 3287 1 5.33
4089 3287 17335 1 10.03
4113 3287 17334 1 1.52
4123 17317 17315 1 18.72
4124 17317 3248 1 6.38
4154 17196 17195 1 6.56
4162 17316 17315 1 13.47
4175 17196 17202 1 14.8
4191 3241 3365 1 18.7
4199 3369 17317 1 9.42
4206 3374 17321 1 22.71
4207 17329 3374 1 23.35
4208 17204 17205 1 27.76
4209 17316 17205 1 28.45
4227 3384 17205 1 0.8
4229 17331 3374 1 1.57
4230 3287 17331 1 16.37
4232 3388 17331 1 0.81
4243 3384 3400 1 11.29
4248 17372 3405 1 10.34
4256 3405 17373 1 20.96
4276 3405 3431 1 2.7
4282 17202 17203 1 8.81
4300 3400 17203 1 16.42
4322 17332 3388 1 12.56
4332 17322 3369 1 8.62
4345 3475 17331 1 9.52
4360 17324 17321 1 24.09
4366 17324 17332 1 7.62
4375 3498 17322 1 4.63
4376 3498 17324 1 10.02
4385 17203 3505 1 8.77
4444 3498 17323 1 6.91
4459 17323 3561 1 1.21
4460 17324 3561 1 11.04
5108 3061 3057 1 3.18
5868 1618 1656 1 12.25
5869 1617 1618 1 0.02
6326 17193 2998 1 0.55
6327 2868 2861 1 1.09
6472 2153 2155 1 0.73
7277 1534 1521 1 6.55
9599 16809 16810 1 0.55
9600 16807 1526 1 7.68
19595 16787 15177 1 0.8
19596 16792 16787 1 12.5
19597 15179 16792 1 8.31
19602 15186 1568 1 13.99
19680 15275 15276 1 23.7
19683 15280 1754 1 33.67
19684 17097 15275 1 26.09
19688 15289 15290 1 36.67
19689 15276 15291 1 13.53
19690 15276 17090 1 29.68
19691 15291 15292 1 18.14
19696 2048 15300 1 32.04
19697 2011 15290 1 15.86
19700 2248 17167 1 33.43
19701 2499 15309 1 43.66
19705 15315 3050 1 17.82
20524 17283 16190 1 54.49
20526 16987 16194 1 57.22
29647603 15177 16788 1 16.18
