850 1067 30
18865
18803
18927
18857
22544
18860
18806
18848
18948
18949
18795
18934
18981
18861
18852
19371
18979
18982
18868
18992
18954
18875
18873
18938
22595
18849
19370
19360
18853
18942
3357 2657 18701 1 0.79
3370 2665 18701 1 9.83
3408 2693 2657 1 3.66
3410 2694 2693 1 1.55
3431 2709 2665 1 8.93
3442 2715 2694 1 14.79
3452 2723 2724 1 2.87
3453 2725 2726 1 4.71
3456 2730 2731 1 2.59
3457 2732 2733 1 5.56
3461 2731 2739 1 0.54
3462 2740 2741 1 0.83
3467 18926 2749 1 4.03
3471 2754 2755 1 12.77
3473 2724 2757 1 12.18
3474 2757 2758 1 0.71
3475 2759 2754 1 2.39
3490 2781 2782 1 0.75
3491 2783 2784 1 1.24
3497 2793 2794 1 5.81
3500 18807 2800 1 1.37
3502 2802 2803 1 7.09
3503 2804 18858 1 8.34
3504 18858 2806 1 0.35
3505 2807 2808 1 1.69
3506 18932 2810 1 1.56
3507 2782 2810 1 1.42
3509 2813 18807 1 1.43
3511 2816 2817 1 4.55
3512 2816 18858 1 0.61
3513 2818 2819 1 6.9
3514 2820 2821 1 9.43
3516 2824 2825 1 3.31
3518 2828 2829 1 12.19
3522 2835 2836 1 1.66
3524 2839 2840 1 13.01
3525 2841 2842 1 20.16
3526 2843 2844 1 1.42
3530 18948 2852 1 2.14
3532 2855 2856 1 11.04
3533 2857 2856 1 10.36
3629 2937 2938 1 0.63
3636 2944 2937 1 2.0
3640 2947 2715 1 5.61
3641 2938 2947 1 8.0
3643 2949 2944 1 0.24
3645 2951 2949 1 0.89
3666 2964 2951 1 2.52
3678 2970 2971 1 0.66
3679 2972 2970 1 0.51
3682 2971 2974 1 0.96
3686 2974 2978 1 0.26
3687 2978 2964 1 2.59
3703 2994 2995 1 1.5
3742 3016 3023 1 1.94
3747 3023 3027 1 1.53
3768 3027 3041 1 2.72
3772 3044 2749 1 5.28
3778 2749 3049 1 12.67
3780 3048 3051 1 0.37
3792 3060 3049 1 2.77
3795 3051 2730 1 1.78
3802 2755 3067 1 7.76
3804 3069 3060 1 2.77
3805 3069 3070 1 3.59
3807 2732 3071 1 2.81
3811 3075 3044 1 3.09
3817 3067 2740 1 5.72
3818 3070 3079 1 4.85
3819 3079 2723 1 8.02
3821 3071 3080 1 2.55
3822 3080 3044 1 16.92
3824 2758 2759 1 5.9
3836 3089 3069 1 4.17
3837 2733 3090 1 2.51
3840 3093 2726 1 4.34
3841 3094 3071 1 3.94
3842 2739 2972 1 33.71
3843 3095 2725 1 12.36
3844 3096 3097 1 5.44
3845 3098 2758 1 2.02
3853 3105 3075 1 10.29
3854 3105 18926 1 3.39
3855 3106 3094 1 1.02
3857 3108 3089 1 5.01
3860 3109 3106 1 3.17
3861 3110 3060 1 6.53
3863 3096 3112 1 7.94
3865 3075 3109 1 8.13
3866 3110 3114 1 4.33
3870 3117 2741 1 3.69
3871 3117 18942 1 11.19
3872 3105 3110 1 10.43
3873 3119 3097 1 6.42
3874 22582 3121 1 3.18
3877 3123 22582 1 1.37
3878 3124 2724 1 5.5
3879 3124 3125 1 0.44
3882 3112 3128 1 5.25
3884 3115 3129 1 1.75
3885 3123 3129 1 1.19
3887 3131 3132 1 3.89
3890 3129 3134 1 0.57
3896 3140 3131 1 5.26
3897 3117 18943 1 3.03
3898 3142 3098 1 3.68
3899 3143 3144 1 1.98
3900 3145 3143 1 1.97
3901 3143 18868 1 1.66
3902 3147 3143 1 6.18
3903 3192 3149 1 4.19
3904 18847 3119 1 3.45
3906 3151 3140 1 1.49
3907 3142 3152 1 1.24
3908 3153 3151 1 0.21
3910 3134 3154 1 2.28
3911 3143 3155 1 2.62
3912 3128 3156 1 11.52
3914 3158 3147 1 1.97
3915 3159 3143 1 2.39
3916 3125 3142 1 8.53
3917 3152 18938 1 5.38
3918 3161 3192 1 1.89
3920 18847 3161 1 3.74
3922 3163 3153 1 2.21
3923 3147 18869 1 2.86
3924 3165 3163 1 0.29
3931 18938 3169 1 2.36
3932 3170 18847 1 2.55
3933 3132 3170 1 4.18
3937 3114 3173 1 9.66
3938 3173 3108 1 4.98
3939 3174 3093 1 6.89
3940 3175 3165 1 5.5
3951 3182 3169 1 1.33
3952 3183 3117 1 4.52
3953 3169 18939 1 8.46
3954 3185 3158 1 2.5
3955 3106 3185 1 8.62
3960 3189 3175 1 12.08
3961 3183 3190 1 1.15
3962 3173 3124 1 15.61
3964 22339 22341 1 0.57
3966 3170 22339 1 2.14
3973 22339 3161 1 5.71
3975 3163 3199 1 2.88
3980 3203 3105 1 8.29
3985 18939 3207 1 11.22
3991 3212 3182 1 4.17
3996 18941 3183 1 8.3
3997 3217 3189 1 9.25
3998 3185 3218 1 4.23
3999 3207 18941 1 4.16
4006 3224 3125 1 7.5
4009 3226 3217 1 0.7
4011 3228 3217 1 2.82
4016 3190 3232 1 7.16
4017 3232 3233 1 1.0
4019 3154 3235 1 8.22
4020 3236 3228 1 2.09
4023 3235 3236 1 1.29
4024 3182 3239 1 5.6
4025 3239 3207 1 16.76
4026 3240 3212 1 4.23
4030 22166 3235 1 0.92
4032 3240 3245 1 3.62
4033 3245 3212 1 3.16
4034 3245 3239 1 6.01
4035 3226 3246 1 2.18
4036 3228 3246 1 3.04
4037 18865 3226 1 2.69
4040 22164 3236 1 1.86
4041 22166 22164 1 1.92
4042 3250 3251 1 0.51
4043 3251 3224 1 3.35
4046 3199 3253 1 6.41
4050 3170 3256 1 13.36
4051 3199 3256 1 7.52
4052 3257 3246 1 1.84
4053 22164 3257 1 2.46
4054 3251 3258 1 1.68
4055 3258 3240 1 6.04
4056 3259 18865 1 1.48
4057 3246 3259 1 2.49
4064 3218 3267 1 8.09
4068 3270 3245 1 2.38
4073 3259 3274 1 4.11
4080 3233 3280 1 7.94
4082 3267 3281 1 2.63
4083 3282 3281 1 0.69
4090 3288 18941 1 15.75
4093 3256 3291 1 5.39
4094 3253 3292 1 11.94
4095 3274 3293 1 2.98
4099 3293 18862 1 1.84
4101 18862 18861 1 1.35
4106 3292 18861 1 4.36
4109 3304 3291 1 2.03
4111 18862 21870 1 1.19
4117 3310 3203 1 13.54
4118 18927 3282 1 3.89
4119 3310 18927 1 6.58
4132 18941 3321 1 10.58
4135 3280 3324 1 7.15
4137 3325 3280 1 5.68
4140 3239 3328 1 9.27
4141 3328 3288 1 5.69
4143 3330 3293 1 4.05
4150 3304 18849 1 1.52
4151 18927 3335 1 5.44
4152 3335 3310 1 2.24
4159 18853 3330 1 10.7
4160 3343 3310 1 3.93
4170 3350 3325 1 2.36
4171 3351 3335 1 1.91
4172 3343 3351 1 2.11
4178 3356 18853 1 8.18
4181 18802 2739 1 40.97
4182 18802 3174 1 24.2
4184 3360 3270 1 8.87
4185 3360 3328 1 9.2
4189 18929 3343 1 12.45
4190 3321 3364 1 5.16
4194 3364 3350 1 5.65
4200 18930 3250 1 21.16
4201 3371 3360 1 4.13
4216 18930 18929 1 8.64
4228 22342 3368 1 0.55
4231 3387 3330 1 4.9
4235 3390 3391 1 6.23
4238 3395 18929 1 6.39
4239 3396 3390 1 0.58
4270 3426 3396 1 5.44
4272 3391 3428 1 7.62
4274 3282 3429 1 15.65
4275 3429 18870 1 4.18
4277 3351 3432 1 10.23
4292 3441 3442 1 2.31
4295 18870 3445 1 5.57
4305 3452 3441 1 1.94
4306 3412 3452 1 4.32
4308 3432 3453 1 3.43
4309 3453 3395 1 3.74
4310 18940 3371 1 8.52
4339 3473 3426 1 7.91
4340 3428 3473 1 4.52
4344 3474 3473 1 1.19
4354 3474 18848 1 1.54
4355 3442 3483 1 7.94
4371 3495 18930 1 25.06
4372 18940 3495 1 5.42
4387 22159 22161 1 0.59
4388 3364 3507 1 14.36
4389 3508 3412 1 11.39
4392 3483 3510 1 3.4
4396 3513 3485 1 3.57
4417 18848 3526 1 9.31
4420 3529 3530 1 6.95
4421 3453 3531 1 13.21
4427 3537 3474 1 11.5
4429 3531 3529 1 12.33
4432 3417 3539 1 14.96
4436 3507 3542 1 4.17
4443 3485 3548 1 12.88
4448 3553 3539 1 1.34
4449 18852 3545 1 1.02
4450 3537 3555 1 3.06
4451 3556 3553 1 0.63
4452 3485 21872 1 3.94
4458 3506 18931 2 6.04
4461 3562 3537 1 1.97
4463 3564 3530 1 14.08
4464 3495 3564 1 9.6
4465 3565 18931 1 13.87
4467 3567 18852 1 2.08
4468 3555 3568 1 2.39
4469 3542 18947 1 2.91
4470 3570 3556 1 1.3
4475 3574 3570 1 0.41
4476 3548 3575 1 7.15
4482 3575 3580 1 2.26
4496 3592 3565 1 20.01
4497 3531 3592 1 5.99
4498 3593 3548 1 6.4
4499 3575 3593 1 2.47
4501 3568 18857 1 4.97
4502 18857 3545 1 6.86
4503 3596 18931 1 4.03
4507 3526 3599 1 9.02
4519 3580 18874 1 3.96
4520 3552 18874 1 6.0
4529 3593 18874 1 6.22
4532 22347 3593 1 2.45
4534 3599 3618 1 2.14
4544 3624 3567 1 9.15
4545 3615 18795 1 11.91
4558 3636 3624 1 3.06
4564 18947 3640 1 8.56
4569 18944 3495 1 30.26
4570 18941 18944 1 40.3
4571 3618 3646 1 3.41
4573 3648 3636 1 2.21
4575 3649 3648 1 2.22
4576 3624 2804 1 4.18
4577 3646 3639 1 10.6
4580 3651 18857 1 6.64
4581 18855 3562 1 8.26
4585 3564 3656 1 8.83
4589 18795 2802 1 6.89
4592 3661 18944 1 15.9
4595 3640 3661 1 6.28
4596 3592 18934 1 8.31
4597 3664 3596 1 13.08
4601 3667 3613 1 9.54
4602 3667 18803 1 0.76
4605 2802 3667 1 6.01
4606 3671 3636 1 2.78
4607 3672 18855 1 1.97
4613 3676 3646 1 12.61
4614 3676 18855 1 2.66
4617 18871 3678 1 1.58
4620 2794 18944 1 2.81
4621 3677 3681 1 0.35
4624 3667 3677 1 15.46
4627 3681 3687 1 0.39
4628 18795 3688 1 9.17
4631 3664 3690 1 1.88
4632 3691 3678 1 3.28
4636 18871 3695 1 3.81
4637 3696 3676 1 1.51
4638 3688 3697 1 1.02
4644 3700 3672 1 3.91
4645 3651 3700 1 5.86
4659 3707 3671 1 3.36
4660 3708 3661 1 3.83
4661 3687 18806 1 2.51
4662 2817 3651 1 7.3
4663 3710 3616 1 14.64
4664 3710 22347 1 12.79
4666 3695 18872 1 2.91
4669 3707 3691 1 7.87
4674 3717 18872 1 1.2
4675 2817 3676 1 17.03
4682 3710 2807 1 1.38
4683 3710 3721 1 16.03
4686 18947 3724 1 17.94
4687 2784 3717 1 1.55
4689 3690 18932 1 3.31
4690 3697 3725 1 4.12
4691 2781 3664 1 9.41
4692 18806 2800 1 2.15
4697 18858 3729 1 1.33
4698 2800 3730 1 1.8
4699 3731 2783 1 2.49
4701 2810 3733 1 3.48
4702 3734 2813 1 4.94
4707 3729 3707 1 10.95
4709 3738 2781 1 2.93
4710 3721 3739 1 6.98
4713 18874 3742 1 17.95
4715 3733 3742 1 29.78
4717 3745 3731 1 3.78
4718 3746 3642 1 13.73
4721 3750 3751 1 3.82
4725 3757 3758 1 4.33
4727 3760 3761 1 7.93
4731 3766 3767 1 5.77
4732 3758 22063 1 6.33
4736 3773 3774 1 6.53
4742 3761 3778 1 5.26
4743 3779 3780 1 15.26
4744 3781 2816 1 16.38
4747 18872 3783 1 13.53
4748 3767 3784 1 7.95
4755 3788 3708 1 22.18
4756 3789 3788 1 8.43
4763 3797 3798 1 7.95
4767 3802 3803 1 9.29
4768 3804 3746 1 4.25
4770 3803 3734 1 10.72
4771 3746 3803 1 0.8
4773 3725 3807 1 7.95
4779 2808 3766 1 3.74
4780 3742 3766 1 1.09
4785 3814 3745 1 2.57
4786 3739 3814 1 4.18
4787 18934 3760 1 18.7
4788 2816 3750 1 4.58
4794 3823 3696 1 9.5
4798 3724 19357 1 12.5
4799 3804 3773 1 5.55
4800 3646 3773 1 14.97
4804 2793 3830 1 14.23
4808 2803 3757 1 5.13
4811 3798 3696 1 10.45
4817 3789 3661 1 21.0
4818 19357 3789 1 16.28
4824 18944 3780 1 20.74
4825 3830 3780 1 7.77
4827 3823 3836 1 5.33
4835 3730 3840 1 11.61
4839 3840 3843 1 0.31
4840 3844 3797 1 1.29
4841 3751 3844 1 12.8
4844 3783 3781 1 16.39
4845 3847 3738 1 23.71
4850 3784 3783 1 28.17
4851 19357 3851 1 11.92
4855 3774 3854 1 5.77
4858 3761 18935 1 6.69
4860 3858 3797 1 17.16
4861 3854 3859 1 1.42
4862 3836 3859 1 8.73
4863 3860 3859 1 0.38
4864 3860 3858 1 1.27
4865 3783 3861 1 4.21
4874 3843 3868 1 1.9
4879 3868 3871 1 0.37
4882 3851 3874 1 1.76
4898 18935 3886 1 2.21
4900 3888 3667 1 24.86
4903 3758 3888 1 18.12
4908 3788 3894 1 6.74
4912 3886 3897 1 1.08
4915 3861 3900 1 5.5
4919 3751 2818 1 15.11
4924 3906 3781 1 12.48
4925 3861 3906 1 6.51
4930 3909 3766 1 16.49
4935 3886 3911 1 9.59
4936 3911 3912 1 1.63
4942 3911 3916 1 1.76
4945 3767 18877 1 11.93
4946 18877 3909 1 3.92
4949 3897 3847 1 42.69
4950 18859 3844 1 9.31
4951 18859 3921 1 1.8
4954 3894 2820 1 12.28
4961 3738 2824 1 19.85
4962 3847 2824 1 13.65
4964 2828 3906 1 4.78
4966 3802 3927 1 12.61
4967 3927 3860 1 20.12
4972 3897 3931 1 4.67
4979 3937 3938 1 4.93
4982 3940 3802 1 10.45
4986 3942 3789 1 25.19
4989 3851 3942 1 10.06
4994 3900 3949 1 8.04
4997 3916 2835 1 6.29
4999 3952 18859 1 6.72
5000 2819 3952 1 1.86
5003 2836 3954 1 2.3
5004 3780 3954 1 18.23
5005 3954 3937 1 10.9
5011 3949 3959 1 4.36
5013 3874 19359 1 13.01
5025 2829 18860 1 8.72
5026 3974 3942 1 5.99
5027 3974 19359 1 9.61
5028 3975 2819 1 6.92
5029 3975 18860 1 0.25
5031 2836 18945 1 5.34
5034 3974 3980 1 1.25
5037 18873 3959 1 2.91
5038 3931 3983 1 9.82
5039 18945 3931 1 14.61
5047 3990 18859 1 12.46
5051 3983 3993 1 1.49
5052 3994 19359 1 7.65
5053 18933 3909 1 24.41
5057 3999 2828 1 17.91
5058 3999 18873 1 2.05
5061 2825 18933 1 11.01
5065 2825 4005 1 15.66
5066 4006 4005 1 1.43
5067 3959 4007 1 9.99
5074 2855 4006 1 2.67
5075 18877 4013 1 16.06
5076 4007 4014 1 1.28
5077 4014 3999 1 6.9
5087 4023 4007 1 7.49
5088 4013 4023 1 0.88
5090 4014 18875 1 2.46
5094 3993 2857 1 6.37
5095 4028 18945 1 7.4
5096 3954 4028 1 11.03
5103 2840 3994 1 8.15
5104 2840 19360 1 8.85
5106 4034 3990 1 11.46
5111 4039 4040 1 2.23
5113 4042 19360 1 10.12
5114 4040 4042 1 17.49
5115 3980 2842 1 15.19
5117 4044 4034 1 1.36
5120 2842 19358 1 1.42
5122 4049 3975 1 9.48
5123 19360 4050 1 4.52
5130 4034 4053 1 21.09
5133 4053 4049 1 13.25
5135 2844 19358 1 1.81
5140 2821 18948 1 18.38
5144 4064 19358 1 6.05
5146 3938 4065 1 24.15
5147 4065 18948 1 10.34
5151 4049 4067 1 12.94
5152 2841 3974 1 13.49
5153 2841 2839 1 2.36
5155 4069 4064 1 3.36
5158 4071 3993 1 13.88
5159 4028 4071 1 14.01
5160 4071 18937 1 0.62
5163 4071 4075 1 1.42
5164 4076 4028 1 12.22
5165 18936 4078 1 7.82
5166 2856 18936 1 1.1
5171 4014 21873 1 11.42
5172 4023 18876 1 14.68
5178 4085 4069 1 6.47
5181 4005 4087 1 14.93
5183 2852 4089 1 4.39
5184 4089 4085 1 1.47
5188 4087 4091 1 0.37
5190 18946 4076 1 2.32
5195 4078 4091 1 5.79
5197 4099 4065 1 4.92
5205 4105 2841 1 4.88
5206 4106 4099 1 0.57
5209 4050 4108 1 8.61
5210 4109 4087 1 2.7
5211 4067 4110 1 10.48
5212 4111 4106 1 0.68
5214 4110 4113 1 2.4
5219 4118 18946 1 3.0
5220 4119 4113 1 5.7
5221 18876 4119 1 7.2
5222 4120 4039 1 12.75
5226 4113 4123 1 1.35
5227 4124 4085 1 5.83
5228 4075 4125 1 8.48
5229 4028 4125 1 12.2
5230 4126 4076 1 6.7
5232 4127 4128 1 6.53
5233 4128 4111 1 4.52
5235 18937 4130 1 6.68
5238 4126 4133 1 0.85
5239 18975 4127 1 4.64
5240 4105 4135 1 5.72
5244 18975 4139 1 3.07
5245 18949 4013 1 33.89
5247 4139 4126 1 3.81
5257 4139 4147 1 1.09
5259 4108 4149 1 4.44
5261 4151 2843 1 10.25
5262 4152 4149 1 3.56
5268 4135 4151 1 14.49
5269 18974 4118 1 4.1
5270 4133 18974 1 5.02
5272 18936 4160 1 8.48
5276 4160 4164 1 0.65
5279 4166 4152 1 3.44
5280 4151 4124 1 15.15
5283 4106 4168 1 16.68
5284 4124 4168 1 7.57
5287 4171 4105 1 9.24
5288 4125 4172 1 10.29
5289 4172 18974 1 2.59
5292 4175 4109 1 10.79
5293 4175 18949 1 7.95
5294 18978 4128 1 6.48
5305 4189 4190 1 2.44
5309 4196 4197 1 11.69
5311 4200 4201 1 5.12
5312 4202 4203 1 15.92
5314 18980 4207 1 16.86
5324 4207 4224 1 1.44
5325 4225 4226 1 3.95
5326 4227 4228 1 4.05
5337 4243 19373 1 8.03
5341 18987 4252 1 1.84
5343 4255 4256 1 9.23
5356 4277 4278 1 2.14
5357 4279 4280 1 14.75
5358 4281 4280 1 4.96
5368 4280 19377 1 0.69
5383 4168 18979 1 2.38
5385 4149 4171 1 14.44
5387 4172 4321 1 1.1
5400 4321 4331 1 2.57
5401 4147 4332 1 6.26
5405 4130 18954 1 12.45
5407 4338 4120 1 9.78
5412 4343 4120 1 12.03
5420 4350 18975 1 14.95
5421 4350 18978 1 6.22
5428 4164 4355 1 9.86
5429 4355 18954 1 2.7
5431 4355 4357 1 0.28
5435 4360 4343 1 4.98
5440 4321 4365 1 11.83
5441 4365 4332 1 5.25
5447 4368 4357 1 6.52
5449 4370 4360 1 3.81
5456 4374 4338 1 6.16
5457 4374 4375 1 27.5
5461 4091 22293 1 22.79
5462 4379 4368 1 4.98
5463 4125 4379 1 16.86
5470 22292 4385 1 0.37
5472 4385 4387 1 0.99
5473 4357 4387 1 7.87
5479 4331 4392 1 11.73
5481 4365 4394 1 3.4
5484 4392 4379 1 11.07
5485 4374 4396 1 3.04
5488 4387 4399 1 5.34
5489 4399 4379 1 9.88
5493 4402 4166 1 15.93
5500 4407 4396 1 4.32
5509 4416 4402 1 2.04
5516 4420 4168 1 21.82
5519 4422 4360 1 8.12
5520 4396 4422 1 4.87
5523 4399 4424 1 6.79
5524 4379 4424 1 7.13
5526 4350 4426 1 15.02
5531 4416 4171 1 31.97
5539 4424 4432 1 12.18
5540 4433 4426 1 1.91
5546 4190 4422 1 4.51
5547 4438 4424 1 5.62
5548 4439 4416 1 5.12
5549 4439 4370 1 13.58
5561 4449 4394 1 12.34
5588 4432 22058 1 10.99
5589 4331 22058 1 20.77
5596 4475 4439 1 7.32
5597 4189 4475 1 5.69
5604 4482 4449 1 4.94
5605 4482 4433 1 10.2
5614 4475 19370 1 2.54
5626 4500 4482 1 2.54
5628 4502 4475 1 3.34
5629 4203 4503 1 0.16
5630 4203 4502 1 0.24
5634 4507 4426 1 17.17
5642 4513 4420 1 13.93
5663 4526 4500 1 4.1
5666 4513 4507 1 10.29
5667 4528 4189 1 20.54
5674 22058 4534 1 19.14
5687 4534 4526 1 13.12
5703 4555 4502 1 19.18
5708 18980 4526 1 7.53
5709 18980 4507 1 12.51
5714 4555 4560 1 13.43
5718 4562 18980 1 1.36
5721 4565 4562 1 0.27
5724 19371 4568 1 6.58
5733 4573 19362 1 1.29
5736 4201 4576 1 0.86
5741 4579 4573 1 0.55
5742 4576 4579 1 0.95
5755 19371 4528 1 17.97
5757 4591 4565 1 6.07
5758 4579 4228 1 2.4
5759 4197 4591 1 0.29
5760 4592 19371 1 2.96
5761 18982 4565 1 5.01
5763 4594 4555 1 7.34
5769 4513 4226 1 17.29
5770 4226 4573 1 10.84
5775 4599 4197 1 2.05
5778 4573 4594 1 23.4
5779 4600 18982 1 4.37
5788 4605 4225 1 5.56
5791 4224 4605 1 4.71
5795 4611 4196 1 10.06
5796 4207 4611 1 2.07
5799 4614 4227 1 11.33
5804 4611 19361 1 2.14
5813 4625 4200 1 10.82
5814 19361 4626 1 3.49
5828 4626 4638 1 1.84
5829 4638 4614 1 5.89
5831 4639 4600 1 9.11
5837 18981 4639 1 0.78
5841 4200 4647 1 15.75
5842 4647 4648 1 0.35
5855 4657 4203 1 37.34
5863 4662 4568 1 6.01
5864 4663 4625 1 9.47
5865 4657 4663 1 0.83
5866 4664 4202 1 13.26
5875 4669 4599 1 15.42
5879 4648 4673 1 7.88
5883 4676 4669 1 1.76
5886 4679 4202 1 13.17
5894 4662 19373 1 5.91
5898 19373 4690 1 5.36
5899 4690 4662 1 5.85
5900 4691 4657 1 9.69
5902 19366 4673 1 4.75
5904 4648 4693 1 8.47
5905 4663 19366 1 15.9
5906 19373 4664 1 17.05
5915 4698 18981 1 10.37
5922 4703 4669 1 11.53
5924 4705 18981 1 18.53
5925 4705 4676 1 4.9
5951 4723 4705 1 6.95
5954 4693 4725 1 3.31
5956 4725 4626 1 17.67
5964 4727 4691 1 9.26
5965 4679 4727 1 10.07
5966 4255 4703 1 4.44
5969 4252 4722 1 3.7
5970 4252 4698 1 4.22
5973 4732 4723 1 3.47
5981 4256 4725 1 5.82
5984 4737 4690 1 9.19
5991 4743 18987 1 2.71
5992 4743 4732 1 9.23
5994 4745 4256 1 4.93
6003 4753 4243 1 3.86
6010 4759 4727 1 10.51
6011 4759 4679 1 14.6
6020 4768 4255 1 8.87
6034 4780 4745 1 8.93
6035 4780 19366 1 16.75
6040 18988 4705 1 20.26
6041 18988 4768 1 3.27
6061 4801 4743 1 10.52
6063 4803 4753 1 9.09
6066 4806 4759 1 6.58
6069 4780 4809 1 9.61
6072 4812 18988 1 5.64
6074 4803 4814 1 6.7
6079 4814 4818 1 4.65
6080 4809 4819 1 4.49
6085 4803 4823 1 1.94
6091 4828 4812 1 1.59
6095 4818 4831 1 4.87
6096 4831 4737 1 13.79
6099 4819 4834 1 3.86
6122 4852 4801 1 5.5
6126 4834 4856 1 2.72
6142 4852 4872 1 3.67
6150 4727 4877 1 22.91
6155 4856 4880 1 1.93
6156 4877 4806 1 15.3
6164 4887 4812 1 12.56
6165 4780 4887 1 15.17
6186 4904 4828 1 9.77
6192 4880 4908 1 6.14
6202 4908 4915 1 2.58
6203 4915 4877 1 6.15
6205 4917 4806 1 12.61
6220 4930 4872 1 25.71
6221 4930 4904 1 3.22
6230 18989 4852 1 9.45
6234 4940 4930 1 0.47
6235 4887 4940 1 16.81
6237 4940 4941 1 0.31
6250 19364 4940 1 1.37
6260 4941 4955 1 2.75
6262 4957 4908 1 9.87
6273 4955 4965 1 4.7
6279 4970 18989 1 4.79
6285 4965 4970 1 16.29
6297 4965 4978 1 3.76
6308 4970 4987 1 8.15
6313 4978 4991 1 2.33
6318 4995 19365 1 1.25
6319 4995 4887 1 18.18
6320 4995 4957 1 11.81
6324 4999 4940 1 8.17
6325 4999 5000 1 0.59
6328 4999 5001 1 1.86
6330 19365 5002 1 1.6
6331 19365 5003 1 0.84
6334 4991 5006 1 1.77
6335 5000 5006 1 1.24
6342 5002 5011 1 3.41
6363 5022 4987 1 7.01
6366 5024 19364 1 13.48
6373 4277 5024 1 2.04
6374 5011 4277 1 14.47
6377 5034 5022 1 12.33
6398 4991 5048 1 13.32
6399 5048 5049 1 1.47
6400 5050 18992 1 4.52
6403 5049 5034 1 5.12
6405 5055 18992 1 1.73
6406 5055 5048 1 0.92
6413 5006 5062 1 15.7
6416 5062 5050 1 4.66
6417 18992 4279 1 2.25
6437 5080 5011 1 14.28
6438 5055 5081 1 4.63
6493 5081 19228 1 7.12
6497 4279 5122 1 8.5
6500 5062 4281 1 10.73
6501 5124 5080 1 7.25
6507 5130 19228 1 3.38
6522 5142 5130 1 2.12
6528 5130 5146 1 10.63
6529 5122 5146 1 4.31
6546 19377 5157 1 2.26
6585 5188 5124 1 11.37
6597 5157 5197 1 12.2
6601 5157 5200 1 8.23
6603 5202 5188 1 2.01
6608 5197 5202 1 4.01
6619 5214 5197 1 5.18
6638 5146 5228 1 14.87
6639 5200 5228 1 6.53
6642 5228 5214 1 9.35
19737 2835 3778 1 15.58
19738 15371 15372 1 8.5
19739 15373 15371 1 5.63
19740 15374 15375 1 0.94
19741 15376 15377 1 4.17
19742 15378 15379 1 0.88
19743 15380 15381 1 3.05
19744 15379 15373 1 1.28
19745 15382 15373 1 5.46
19746 15379 15376 1 1.45
19747 15373 15376 1 1.67
19750 15381 15374 1 4.56
19751 15386 15382 1 14.28
19752 15372 15374 1 3.27
19753 15377 15372 1 2.28
19754 15387 15388 1 6.78
19755 15372 15389 1 5.24
19756 15390 15371 1 6.44
19757 15390 15382 1 8.76
19758 15375 15391 1 9.43
19759 15392 15390 1 11.24
19760 15392 15393 1 5.6
19761 15394 15393 1 5.75
19762 15395 15394 1 6.84
19763 15394 15392 1 5.38
19764 15396 3429 1 10.79
19765 15398 15399 1 2.73
19766 15393 15400 1 2.3
19767 15401 15394 1 5.97
19768 15401 15402 1 5.67
19770 15393 15405 1 3.9
19772 15408 15395 1 3.14
19773 15408 15387 1 2.45
19774 15399 15408 1 0.09
19776 15410 15408 1 2.32
19781 15416 15401 1 3.01
19782 15417 15401 1 2.99
19937 3778 3779 1 0.24
29653188 21870 18861 1 0.6
29653190 21872 3548 1 9.09
29653191 21873 18876 1 1.63
29653410 22160 22162 1 0.42
29653412 22159 3445 1 0.75
29653413 22161 3506 1 10.16
29653414 22162 22161 1 0.6
29653415 22160 22163 1 0.74
29653416 3445 22163 1 0.44
29653417 22163 3506 1 10.0
29653418 22162 3445 1 0.05
29653538 22292 22293 1 1.54
29653598 3192 3095 1 8.43
29653600 22343 22344 1 0.3
29653601 3368 3385 1 2.62
29653602 22344 3385 1 2.47
29653603 22343 22342 1 0.62
29653604 22342 22344 1 0.73
29653605 22346 22342 1 0.1
29653606 22346 22345 1 0.26
29653607 22345 3368 1 0.67
29653608 3616 3593 1 2.77
29653609 22347 3616 1 0.06
29653739 3385 22491 1 7.9
29653740 22491 22492 1 7.81
29653741 22491 22493 1 0.08
29653742 22493 22492 1 8.23
29653743 22492 3428 1 4.86
29653744 22494 3192 1 18.83
29653745 22495 3192 1 18.85
29653746 22495 22494 1 0.04
29653747 22496 22494 1 2.47
29653748 22497 22495 1 2.53
29653749 22496 22498 1 0.39
29653750 22499 22497 1 0.26
29653751 22500 22496 1 0.28
29653752 22498 22500 1 0.19
29653753 22500 22499 1 0.21
29653754 18849 22500 1 0.93
29653755 22497 22501 1 2.23
29653756 22498 22502 1 0.99
29653757 22499 22346 1 1.93
29653758 22503 3385 1 9.79
29653759 3356 22504 1 0.71
29653760 22504 22505 1 6.5
29653761 22505 22506 1 0.9
29653762 22507 22506 1 1.36
29653763 22508 22509 1 9.05
29653764 22508 22510 1 2.27
29653765 22510 22511 1 6.53
29653766 22507 22512 1 11.81
29653767 22509 22513 1 11.63
29653768 22514 22507 1 17.47
29653769 22515 22509 1 17.46
29653770 22509 22507 1 0.04
29653771 22516 22517 1 0.6
29653772 22512 22502 1 2.24
29653773 22512 22518 1 0.75
29653774 22519 22520 1 0.88
29653775 22519 22518 1 0.62
29653776 22519 22517 1 0.46
29653777 22521 22522 1 0.29
29653778 22521 22523 1 0.31
29653779 22523 22522 1 0.38
29653780 22524 22525 1 0.28
29653781 22524 22526 1 0.5
29653782 22526 22527 1 0.27
29653783 22527 22525 1 0.44
29653784 22528 22525 1 0.42
29653785 22529 22530 1 0.35
29653786 22529 22531 1 1.23
29653787 22520 22524 1 0.35
29653788 22517 22501 1 0.74
29653789 22522 22531 1 0.36
29653790 22502 22532 1 0.38
29653791 22528 22530 1 0.25
29653792 22532 22533 1 0.2
29653793 22532 22534 1 0.19
29653794 22525 22534 1 0.17
29653795 22527 22528 1 0.17
29653796 22534 22533 1 0.17
29653797 22533 22521 1 0.04
29653798 22524 22529 1 0.22
29653799 22501 22529 1 0.16
29653800 22518 22520 1 0.2
29653801 22535 22516 1 0.34
29653802 22513 22516 1 0.26
29653803 22511 22535 1 0.24
29653804 22535 22519 1 0.14
29653805 22513 22511 1 0.42
29653806 3356 22523 1 7.01
29653807 3356 22526 1 7.06
29653808 22531 22345 1 1.99
29653809 22530 22343 1 2.5
29653810 22536 18871 1 4.25
29653811 22536 3649 1 4.28
29653812 22537 22536 1 8.14
29653813 22538 22537 1 5.99
29653814 22539 22538 1 9.7
29653815 22540 22539 1 5.2
29653816 22541 22540 1 4.01
29653817 22508 22541 1 1.5
29653818 22541 22542 1 7.11
29653819 22542 22503 1 1.02
29653820 22544 22503 1 2.77
29653822 3545 22544 1 7.45
29653823 22545 3552 1 6.58
29653824 22546 22545 1 5.44
29653825 22547 22160 1 14.67
29653826 22546 22159 1 14.65
29653827 22547 22546 1 0.01
29653828 22548 22547 1 7.1
29653829 22548 22546 1 7.1
29653830 22548 3485 1 6.49
29653831 22548 22549 1 6.97
29653832 22548 22550 1 6.93
29653833 22556 22548 1 3.76
29653834 3513 22550 1 9.81
29653835 22549 3402 1 3.17
29653836 22549 22514 1 10.62
29653837 22550 22515 1 10.65
29653838 22514 3387 1 3.73
29653839 3412 22515 1 0.69
29653840 22515 22514 1 0.05
29653841 22550 22549 1 0.05
29653842 22552 22549 1 6.49
29653843 22552 22556 1 2.54
29653844 22556 22553 1 0.89
29653845 22554 22556 1 5.21
29653846 22166 22554 1 6.29
29653847 22554 22555 1 1.53
29653849 22555 22557 1 4.72
29653850 22557 22558 1 0.79
29653851 22559 22552 1 1.17
29653852 22558 22559 1 0.33
29653853 22560 22558 1 3.45
29653854 22560 22561 1 4.45
29653855 22561 3259 1 2.91
29653856 22555 22164 1 5.22
29653857 18864 22560 1 7.3
29653858 22562 18864 1 8.4
29653859 3402 22562 1 1.18
29653860 22563 18864 1 2.53
29653861 3293 22563 1 1.4
29653862 22554 22564 1 20.83
29653863 22565 3228 1 0.94
29653864 22566 22567 1 0.54
29653865 22566 22568 1 3.13
29653866 22568 22569 1 0.61
29653867 22568 22570 1 9.69
29653868 22571 22572 1 4.72
29653869 22570 22572 1 2.48
29653870 22571 22570 1 1.87
29653871 22573 22571 1 7.22
29653872 22573 22566 1 5.71
29653873 22567 22592 1 6.01
29653874 22575 22573 1 4.61
29653875 22576 22575 1 9.38
29653876 3030 22576 1 2.4
29653877 22577 22573 1 4.01
29653878 3217 22577 1 4.37
29653879 22577 15402 1 5.17
29653880 22575 15402 1 3.44
29653881 15402 3154 1 3.2
29653882 22578 22575 1 6.64
29653883 15402 22578 1 5.15
29653884 3134 22579 1 1.03
29653885 22579 22578 1 1.23
29653886 22578 22580 1 2.06
29653887 22580 22581 1 1.34
29653888 22581 3115 1 1.65
29653889 22581 22582 1 1.3
29653891 3041 22581 1 5.91
29653892 22583 2994 1 8.19
29653893 22583 22584 1 1.14
29653894 22583 3030 1 3.03
29653895 3030 22585 1 4.09
29653896 22572 22585 1 1.85
29653897 22585 15382 1 14.27
29653898 22586 22585 1 5.2
29653899 22583 22586 1 7.46
29653900 22586 22587 1 8.74
29653901 22587 22588 1 2.3
29653902 22588 22589 1 0.53
29653903 22589 22590 1 5.53
29653904 22590 15379 1 1.16
29653905 22590 22591 1 3.27
29653906 22591 15381 1 1.71
29653908 22592 18862 1 6.7
29653909 3639 22593 1 2.5
29653910 22593 22595 1 1.72
29653912 22595 22602 1 4.33
29653913 22595 22597 1 8.54
29653914 22602 3642 1 4.87
29653915 22602 22597 1 5.48
29653916 22597 22598 1 4.8
29653917 3473 22598 1 21.77
29653918 22598 3539 1 6.44
29653919 3535 3539 1 5.36
29653920 22600 3535 1 2.66
29653922 3677 22600 1 16.73
29653924 22600 22601 1 8.73
29653925 22602 22601 1 2.83
29653927 22601 3574 1 1.7
29653928 22603 3390 1 10.45
29653929 18802 22603 1 9.84
29653930 22603 22604 1 1.76
29653931 22604 22605 1 4.59
29653932 22605 22606 1 3.35
29653934 22605 22607 1 2.81
29653935 22607 3535 1 11.12
