378 478 120
21602
21281
21601
21574
21587
21280
21628
21569
21554
21276
21524
21570
21533
21585
21207
21567
21759
21263
21467
21727
21616
21599
21593
21562
21446
21461
21265
21573
21774
21282
21296
21600
21614
21460
21612
21572
21558
21738
21522
21630
21735
21592
21209
21604
21755
21443
21445
21769
21606
21607
21752
21772
21764
21266
21775
21279
21583
21275
21609
21598
21590
21261
21760
21580
21285
21756
21560
21465
21283
21272
21753
21581
21779
21463
21278
21208
21289
21588
21611
21631
21274
21726
21532
21469
21273
21767
21565
21768
21206
21763
21761
21624
21729
21778
21525
21781
21608
21579
21576
21758
21571
21605
21555
21632
21470
21464
21575
21577
21603
21773
21736
21468
21617
21754
21621
21225
21620
21566
21597
21586
2295 1833 21260 1 4.25
2560 2064 2065 1 3.86
16007 12433 21445 1 4.15
16008 12435 12433 1 10.69
16009 12436 12433 1 1.8
16020 12454 21880 1 2.69
16024 21737 21736 1 7.29
16025 12454 21752 1 2.07
16026 12462 21225 1 10.68
16028 21206 21208 1 15.42
16695 21467 12946 1 3.05
16709 21461 21460 1 11.25
16710 12958 21461 1 1.12
16725 12958 12970 1 17.51
16726 12971 12970 1 2.71
16729 12946 21522 1 9.15
16739 12970 21465 1 12.73
16740 21522 12986 1 2.12
16742 21443 21461 1 25.66
16764 13002 12970 1 6.42
16790 21465 13022 1 21.32
16797 21468 13022 1 3.2
16798 21468 12986 1 15.79
16841 13059 21468 1 14.72
16842 12986 13059 1 15.22
16843 21525 13059 1 6.8
16845 21443 13062 1 16.96
16871 13078 12958 1 27.98
16872 13078 13002 1 17.2
16883 13087 13078 1 3.43
16884 13022 13087 1 36.34
16890 21445 21443 1 33.79
16891 21223 13080 1 3.53
16892 13091 21555 1 2.65
16894 13093 21207 1 5.52
16896 13087 12435 1 4.85
16899 21558 21555 1 16.78
16900 21223 13093 1 9.92
16901 12435 21463 1 1.06
16912 12435 21469 1 27.24
16914 21735 21729 1 21.98
16915 13108 13059 1 11.97
16918 21738 21735 1 8.5
16919 21207 21209 1 6.15
16922 21524 13108 1 0.48
16932 21558 21560 1 11.11
16933 21560 21726 1 7.78
16936 21225 13119 1 3.22
16937 21470 21468 1 19.67
16938 21208 21209 1 6.37
16939 13108 21470 1 17.23
16943 21469 13130 1 8.7
16944 21470 13130 1 3.42
16958 13140 21738 1 10.98
16959 13140 13141 1 5.41
16964 21533 21532 1 4.1
16968 21726 13148 1 5.73
16969 13148 21727 1 6.06
16970 13140 21739 1 1.85
16976 21446 12436 1 18.15
16979 12436 21464 1 7.38
16980 13158 13140 1 2.27
16981 13159 21446 1 3.35
16982 21753 13141 1 15.61
16992 13148 13166 1 2.62
17004 21739 12454 1 6.17
17008 21736 13176 1 0.77
17009 21736 13177 1 1.37
17021 13183 21223 1 19.33
17022 13183 12462 1 4.16
17024 13166 21561 1 7.11
17026 21730 13166 1 23.73
17027 21730 21729 1 19.73
17028 13177 21730 1 11.24
17031 13190 13130 1 14.49
17032 13183 21273 1 7.72
17035 21763 13177 1 7.11
17036 21210 21209 1 19.62
17037 13195 21524 1 25.86
17042 13198 21730 1 7.07
17043 21755 21730 1 4.4
17046 13201 13195 1 0.41
17047 21766 21737 1 13.3
17048 21766 13158 1 13.43
17050 21275 12462 1 7.05
17052 13206 13201 1 0.74
17053 21283 21904 1 2.24
17054 21210 21263 1 6.58
17055 13209 13198 1 2.33
17056 13209 21763 1 3.83
17057 21261 21206 1 8.6
17058 13211 13206 1 1.14
17059 21595 13201 1 2.28
17063 21599 21533 1 16.58
17068 13219 21555 1 26.33
17074 21607 21533 1 29.25
17075 21554 21607 1 15.42
17076 21607 13219 1 4.14
17080 13228 21210 1 7.27
17081 13228 21273 1 12.36
17082 13229 21766 1 5.9
17086 13232 21599 1 3.86
17087 21594 13206 1 20.28
17091 21260 21261 1 7.99
17092 21280 21225 1 28.0
17093 21280 21283 1 11.8
17095 13238 21595 1 14.69
17096 13168 13238 1 18.75
17097 13239 21275 1 10.63
17099 13219 21611 1 24.15
17100 21561 21611 1 16.58
17101 13229 21767 1 7.94
17104 13244 21607 1 5.36
17108 21766 21781 1 16.69
17110 21264 21272 1 8.45
17111 21272 13228 1 3.88
17114 13238 13232 1 26.74
17117 21764 13209 1 10.54
17121 13239 13255 1 2.36
17122 21280 13255 1 11.69
17125 13257 13244 1 7.66
17126 13257 13232 1 9.07
17131 21754 21755 1 20.23
17132 21280 21284 1 7.37
17133 21767 21770 1 4.23
17134 13257 21606 1 2.44
17135 21606 13244 1 8.45
17136 13264 13190 1 16.72
17137 21594 13264 1 14.2
17142 13267 21286 1 6.39
17143 21284 13267 1 4.12
17144 13269 21764 1 4.49
17145 21757 13269 1 8.32
17148 21577 13264 1 3.99
17149 21577 21578 1 12.46
17154 21281 13255 1 7.56
17155 13276 1833 1 18.29
17157 13277 21754 1 7.19
17158 21756 13277 1 8.2
17159 13279 13276 1 3.22
17160 13279 21264 1 10.18
17161 21286 13280 1 12.93
17162 13280 13246 1 8.91
17163 13281 13229 1 11.87
17168 13284 21756 1 3.04
17169 13284 21757 1 4.23
17170 21266 13279 1 1.41
17171 21611 21612 1 17.14
17172 21274 21272 1 9.43
17173 13239 21274 1 26.87
17174 21578 13288 1 20.6
17175 21274 21266 1 11.75
17176 21563 13266 1 7.45
17177 21285 13267 1 5.11
17179 21611 21613 1 15.52
17180 21754 21613 1 14.39
17188 13297 21769 1 2.21
17189 13299 21595 1 18.47
17190 13299 21596 1 2.83
17191 13280 13301 1 3.48
17192 13301 21563 1 2.03
17193 13301 13302 1 2.97
17194 13288 13299 1 7.61
17196 21282 21281 1 5.48
17197 21266 13305 1 4.42
17198 13306 13284 1 3.47
17200 21265 13276 1 9.57
17201 13309 13238 1 16.0
17203 21768 13281 1 4.24
17204 21769 21768 1 4.44
17205 21274 21276 1 10.46
17209 21286 21562 1 11.23
17210 13302 21565 1 11.82
17213 13318 21577 1 19.82
17214 21765 13269 1 9.31
17217 21765 13306 1 12.54
17218 13321 21765 1 2.66
17219 21768 13321 1 8.71
17221 21596 13309 1 16.73
17223 13323 21562 1 4.8
17224 13323 13301 1 5.0
17227 21613 13326 1 7.16
17228 21758 13306 1 4.62
17229 13328 13321 1 2.46
17235 13328 21758 1 14.56
17236 12435 21574 1 51.41
17237 21574 13318 1 6.75
17238 13326 21614 1 2.41
17241 21598 13309 1 5.8
17248 21276 21287 1 16.12
17249 21598 13341 1 3.48
17250 21565 21569 1 13.27
17251 21569 2071 1 11.03
17252 13343 21768 1 7.2
17253 21612 21615 1 13.55
17257 13346 13343 1 2.25
17259 21287 21288 1 6.18
17265 21292 21285 1 13.44
17268 13326 21760 1 12.33
17269 21758 21760 1 20.58
17270 13341 21600 1 6.59
17273 13318 13359 1 11.55
17274 13360 21758 1 7.56
17278 21608 21606 1 21.14
17279 21615 13364 1 4.63
17280 13359 13365 1 15.56
17281 13364 13366 1 7.28
17282 13367 13358 1 2.08
17284 21608 13366 1 15.33
17285 21282 13369 1 15.21
17286 21292 13369 1 4.35
17287 21598 21608 1 33.9
17289 21566 13323 1 12.14
17290 21566 21292 1 12.03
17291 13365 21597 1 15.15
17292 13288 21597 1 20.45
17293 21600 21597 1 27.89
17295 13366 21609 1 2.46
17297 13375 13367 1 2.73
17306 13383 13346 1 6.75
17307 13383 13375 1 12.2
17313 21760 13387 1 7.31
17315 21288 21289 1 7.14
17316 21289 13369 1 11.99
17317 13390 13383 1 0.96
17320 13341 13392 1 13.41
17321 13393 21614 1 15.06
17323 13393 13364 1 16.69
17325 13390 21771 1 2.3
17328 13399 21274 1 31.24
17329 13399 21278 1 3.45
17332 13393 21759 1 12.19
17333 21759 13387 1 10.52
17334 13403 21771 1 1.48
17335 13404 13403 1 1.05
17336 21617 13393 1 3.39
17337 13406 13403 1 0.47
17338 13407 13360 1 10.78
17341 13387 13408 1 8.26
17348 13412 13375 1 8.02
17349 21609 21610 1 8.59
17352 21569 21570 1 19.57
17356 13421 13408 1 15.42
17357 13407 13421 1 3.25
17358 13421 13422 1 1.02
17359 13422 13406 1 10.27
17360 13423 13412 1 2.18
17361 13423 21882 1 3.43
17362 21772 13421 1 0.68
17364 21570 21575 1 14.15
17365 21575 21574 1 31.5
17367 13427 13399 1 8.03
17368 13427 21289 1 10.69
17370 13430 13423 1 3.08
17371 13430 13406 1 8.05
17373 21618 13408 1 22.92
17381 13438 21617 1 7.45
17382 13438 21618 1 8.43
17383 21290 13427 1 4.08
17384 13440 13430 1 2.5
17386 21772 13442 1 11.38
17397 21279 13427 1 9.83
17398 21616 13438 1 6.83
17401 13454 21279 1 4.63
17402 21597 13455 1 25.28
17403 13455 13392 1 27.66
17404 21618 13456 1 14.33
17405 13456 21761 1 2.09
17406 13457 21290 1 5.41
17407 13422 21774 1 16.37
17408 21774 13440 1 5.56
17411 13359 21579 1 24.45
17417 21773 21772 1 8.2
17418 21566 21567 1 28.91
17419 13466 21773 1 2.94
17421 21567 21570 1 30.2
17422 21567 13467 1 3.8
17423 21774 13468 1 2.7
17424 21575 21576 1 14.35
17425 13457 21291 1 4.03
17427 13468 13472 1 0.75
17428 13473 13466 1 4.83
17429 13472 13473 1 1.66
17431 13475 21616 1 6.29
17435 13473 13477 1 2.29
17439 21620 21608 1 27.69
17440 21610 21620 1 14.57
17441 13481 21579 1 16.29
17442 13472 13482 1 5.17
17443 13483 13475 1 8.4
17445 21620 13483 1 5.94
17446 21773 13485 1 15.55
17451 13477 13487 1 5.36
17452 13456 13488 1 14.04
17453 13488 13485 1 3.99
17463 21605 13392 1 27.47
17464 21605 21620 1 29.94
17467 13482 13498 1 5.63
17468 21778 13487 1 5.17
17470 13475 21623 1 9.85
17473 13504 21605 1 7.14
17474 13505 13504 1 0.64
17475 13482 13506 1 6.89
17483 13514 13455 1 14.22
17484 13514 13505 1 16.9
17485 13515 13481 1 21.62
17486 13455 13515 1 19.22
17487 13515 21602 1 9.25
17491 21602 13514 1 8.87
17493 13487 13521 1 6.18
17498 21296 13457 1 23.71
17500 13515 21601 1 1.97
17501 21296 13467 1 28.21
17506 13481 13531 1 12.51
17507 13531 13515 1 23.26
17509 13521 13532 1 2.73
17510 13532 13506 1 4.64
17511 21620 21621 1 12.5
17512 13488 21776 1 9.96
17513 13477 21776 1 20.57
17515 13532 13536 1 0.97
17516 21573 21570 1 26.21
17517 13538 21778 1 8.91
17518 13532 13538 1 1.34
17520 13532 13540 1 2.92
17521 13541 13506 1 6.43
17524 21776 13538 1 19.23
17526 21580 13531 1 5.97
17528 21776 21775 1 20.77
17539 13552 21625 1 5.74
17540 21775 13552 1 4.0
17545 13536 13558 1 7.51
17547 13558 13559 1 1.89
17548 13536 13559 1 7.1
17549 21576 13560 1 30.96
17550 13560 21580 1 12.75
17557 21776 13566 1 6.79
17558 21581 13560 1 6.44
17559 13559 13568 1 3.19
17564 2065 21296 1 13.64
17569 21573 13574 1 11.89
17571 21605 13576 1 19.18
17572 13576 21619 1 9.97
17573 21621 21624 1 22.45
17574 21623 21624 1 18.53
17575 13552 21624 1 21.6
17577 2064 21571 1 9.05
17583 13586 13587 1 4.63
17588 21604 13505 1 21.3
17593 21619 13595 1 29.48
17594 21624 13595 1 6.59
17596 21779 13598 1 1.56
17599 21601 13600 1 19.44
17605 13576 21604 1 23.81
17606 21603 13600 1 3.63
17607 13606 13607 1 13.32
17611 21582 21580 1 15.66
17618 13615 13616 1 6.76
17619 21604 21603 1 15.87
17620 13607 13617 1 11.65
17621 13617 13616 1 6.67
17624 21777 13606 1 10.26
17629 13606 13617 1 13.02
17630 21567 21572 1 38.18
17631 13625 2064 1 10.6
17632 13616 13626 1 3.28
17633 13627 21296 1 28.65
17637 21624 13630 1 11.45
17638 13630 21777 1 24.96
17642 13574 13633 1 20.86
17643 13633 13560 1 29.69
17650 13639 21582 1 9.04
17651 13600 13639 1 35.03
17655 13626 13641 1 6.41
17665 13648 13633 1 8.7
17670 13595 13653 1 29.88
17673 13641 13655 1 4.83
17674 13656 13617 1 12.54
17677 21622 21619 1 24.99
17678 13653 21622 1 3.81
17687 21583 21581 1 28.4
17688 13666 13600 1 18.91
17689 13667 21583 1 6.77
17690 13667 13639 1 10.41
17694 13671 13656 1 9.66
17711 13671 13684 1 6.92
17712 13655 13684 1 9.94
17713 21622 13685 1 17.7
17717 13630 13687 1 29.3
17720 21584 13667 1 6.9
17730 13696 13666 1 10.54
17736 21583 13702 1 9.87
17738 21585 21584 1 6.15
17739 13687 13704 1 5.6
17740 13704 13671 1 8.69
17744 13707 13685 1 12.12
17746 13709 21585 1 8.35
17747 13709 13696 1 7.31
17757 13715 13648 1 20.13
17758 21631 13595 1 34.19
17759 13574 13717 1 36.75
17760 13715 13717 1 0.98
17763 13719 13625 1 33.17
17765 13721 21583 1 28.78
17767 13704 13723 1 7.03
17768 13684 13723 1 14.25
17769 13648 13721 1 34.41
17772 13723 13725 1 0.97
17778 13728 13719 1 13.49
17779 21572 13728 1 35.41
17780 13728 13717 1 7.43
17781 13723 13729 1 4.34
17786 21587 13728 1 3.16
17787 13733 21631 1 5.79
17799 13740 13719 1 30.41
17800 13725 13741 1 3.24
17802 21590 13721 1 4.32
17805 13741 13744 1 1.83
17814 21631 21632 1 11.18
17815 13752 13707 1 28.61
17817 13685 13754 1 18.19
17820 13756 13709 1 13.43
17821 21604 13756 1 47.55
17822 13752 13756 1 1.13
17823 13725 13757 1 11.25
17824 13758 13741 1 8.4
17825 13759 13752 1 9.65
17826 13760 13707 1 13.6
17827 13754 13760 1 15.66
17833 13760 13759 1 19.18
17847 13756 21626 1 4.48
17849 13754 13776 1 7.03
17850 13760 21627 1 4.17
17851 13778 13733 1 14.97
17852 13778 13757 1 15.58
17861 13776 21628 1 14.52
17863 13759 13785 1 6.91
17865 13785 13787 1 5.0
17869 13728 21586 1 29.83
17877 13795 13728 1 15.56
17878 13776 21630 1 12.14
17879 21630 13653 1 36.17
17880 21630 21632 1 24.56
17881 13702 21593 1 23.16
17883 13799 21590 1 13.44
17884 13799 21593 1 30.07
17894 13806 21586 1 10.28
17980 13928 13715 1 39.86
17981 13928 13799 1 8.73
17991 13937 13795 1 12.4
17992 13937 21591 1 18.38
17996 21591 13942 1 4.66
17997 21592 13928 1 10.58
18033 21588 13937 1 14.63
20055 13288 13211 1 19.64
20056 13928 21593 1 40.96
20057 15803 15804 1 3.82
20058 21630 13778 1 38.9
20059 21626 21593 1 19.3
20060 21588 15803 1 20.54
20061 13626 15805 1 5.48
20063 13655 15807 1 4.93
20561 13615 13587 1 6.06
20562 13566 16235 1 9.68
20563 13558 16236 1 3.2
20564 16236 16237 1 9.67
20565 13540 13568 1 7.35
20566 16236 13615 1 4.36
20567 16237 13566 1 0.02
20568 13566 13607 1 2.55
20569 13559 13615 1 6.65
20570 13587 21779 1 1.25
20571 13568 13586 1 0.78
20572 13540 13541 1 0.47
20573 21595 13211 1 0.44
20575 13141 12437 1 1.51
29653198 21880 21752 1 2.13
29653200 21882 13412 1 1.48
