251 322 40
17555
21940
17572
17557
21835
17574
17532
17553
17565
17534
17546
17544
17562
17524
17556
17530
21836
17560
17552
17525
17569
17543
17554
17564
17522
17561
17529
17531
17526
21830
17575
17571
17566
17536
17527
17551
21802
17533
17563
17568
11891 9293 9294 1 2.99
12763 9954 9955 1 40.04
12775 9944 17544 1 35.71
12776 9965 9966 1 17.96
12800 17545 9944 1 6.7
13017 10131 10150 1 5.34
13018 10150 17546 1 0.96
13022 17546 10155 1 3.04
13028 17546 10158 1 1.82
13029 10159 17545 1 68.1
13030 10155 10159 1 11.43
13052 10150 10158 1 7.77
13125 10158 10224 1 18.41
13250 10224 10296 1 43.59
13288 10159 10325 1 79.88
13409 10413 17525 1 60.79
13413 17526 10413 1 61.44
13431 10325 10430 1 24.58
13550 17527 10514 1 56.71
13566 10527 17565 1 24.38
13585 17551 17527 1 38.44
13595 17568 21837 1 15.28
13596 10552 17568 1 28.02
13629 17568 10578 1 5.7
13641 10527 10589 1 12.32
13698 10628 10629 1 77.33
13711 10578 10641 1 24.04
13740 10589 17569 1 25.5
13741 17569 10663 1 7.1
13743 21838 10666 1 54.01
13771 10683 10684 1 2.87
13774 10663 10683 1 28.67
13788 17557 10696 1 11.11
13822 10718 17557 1 10.52
13835 21989 10728 1 4.75
13851 10738 21989 1 23.11
13852 17559 10740 1 22.78
13878 10740 17560 1 3.96
14011 10850 9294 1 20.18
14029 9294 17563 1 8.62
14038 10871 10872 1 7.8
14039 17563 10871 1 4.23
14050 10881 10882 1 10.92
14076 10902 17522 1 0.14
14095 10871 21990 1 23.77
14121 10939 10902 1 8.82
14122 21990 17562 1 9.93
14139 17562 10952 1 3.85
14160 10969 10939 1 49.96
14218 17528 11013 1 5.15
14264 11048 17528 1 23.42
14266 10952 17576 1 28.39
14293 11013 11071 1 76.48
14294 17524 10939 1 37.02
14295 17573 17575 1 7.29
14344 11111 11048 1 21.98
14380 17529 11111 1 9.19
14554 11273 17529 1 40.89
14594 17531 11305 1 10.72
14595 11306 11307 1 30.26
14686 11381 17524 1 81.08
14688 17530 17531 1 24.89
14693 17530 21818 1 2.02
14696 11381 11388 1 17.93
14713 11403 11388 1 8.67
14741 11424 11381 1 34.34
14830 11493 21818 1 21.36
14946 11582 11424 1 75.53
14967 17534 11599 1 31.95
15111 11706 11582 1 68.97
15142 11730 11731 1 8.24
15168 11752 11730 1 4.64
15170 17535 9954 1 26.23
15171 9954 11755 1 8.51
15177 11759 17533 1 12.8
15188 11769 11752 1 3.42
15191 11777 11759 1 9.6
15194 11774 11775 1 36.37
15195 17533 11774 1 22.86
15198 11777 11769 1 2.19
15210 11796 17532 1 2.33
15213 17532 11777 1 5.05
15217 11795 11796 1 0.65
15288 11795 11849 1 18.49
16151 10696 21838 1 1.04
16480 12781 10718 1 0.67
16481 12782 17551 1 0.9
16494 12795 17526 1 1.44
19042 17543 17535 1 0.48
19043 9966 17535 1 1.77
19044 9944 9965 1 16.97
20199 15931 15932 1 68.58
20200 15933 15931 1 24.59
20201 11775 15934 1 95.01
20202 15935 15933 1 16.29
20203 21800 21802 1 40.13
20204 15938 21807 1 44.93
20205 15931 15940 1 31.81
20208 15941 15940 1 0.36
20209 15942 15943 1 32.4
20210 15944 15945 1 7.6
20211 15946 15947 1 19.4
20212 15943 15944 1 21.32
20213 15948 15946 1 17.07
20214 15949 15948 1 5.38
20215 15945 15942 1 4.0
20216 15946 15942 1 4.32
20217 15950 15951 1 23.16
20218 15950 15947 1 12.72
20219 15952 15953 1 3.9
20220 17566 15952 1 0.63
20221 15955 15956 1 9.24
20222 15957 15955 1 0.23
20223 10628 15958 1 50.66
20224 17571 15960 1 50.63
20225 15961 15962 1 18.4
20226 15960 15963 1 4.75
20227 15964 21835 1 123.53
20228 15966 17565 1 23.89
20229 15967 15968 1 2.26
20230 17559 15969 1 20.51
20231 10684 15970 1 9.62
20232 15971 15972 1 30.43
20234 15966 17554 1 2.08
20235 15974 15975 1 13.64
20236 15976 15971 1 2.07
20237 17552 15978 1 2.84
20238 17553 15966 1 23.64
20239 15980 17553 1 2.17
20240 17565 15981 1 25.02
20241 15953 15982 1 17.11
20242 17564 17565 1 20.01
20243 15984 17564 1 8.0
20244 17566 15956 1 25.0
20245 15985 15952 1 25.9
20246 17567 15957 1 7.83
20247 15953 10527 1 19.58
20248 15955 17566 1 20.44
20249 21837 17567 1 11.83
20250 15987 15988 1 36.86
20251 15989 15990 1 37.25
20252 15991 15992 1 78.45
20253 15988 15993 1 30.29
20254 15994 15995 1 11.08
20255 21836 15994 1 17.59
20256 15995 21835 1 7.81
20257 21835 15993 1 0.43
20258 15992 15989 1 8.93
20259 15975 21816 1 31.8
20260 15976 15998 1 41.4
20261 17522 10413 1 202.82
20262 15999 16000 1 109.2
20263 16001 16002 1 86.46
20264 16003 16002 1 127.58
20265 16004 16005 1 25.37
20266 16006 15951 1 37.52
20267 15944 15950 1 1.06
20268 16007 16006 1 30.45
20269 21830 16007 1 0.71
20270 15980 16009 1 38.82
20271 15972 15978 1 25.26
20272 15978 15966 1 32.03
20273 17553 15984 1 17.21
20274 15981 10683 1 13.07
20275 9293 10738 1 34.1
20276 17534 16010 1 24.69
20277 10696 15972 1 12.01
20278 17554 15971 1 22.87
20279 15987 15975 1 53.7
20280 21816 16011 1 38.58
20281 16011 15987 1 13.11
20282 15958 16012 1 46.12
20283 16012 16013 1 7.33
20284 15962 16013 1 0.49
20285 10430 15960 1 51.27
20286 15982 15994 1 27.38
20287 21836 15984 1 25.09
20288 15993 15953 1 37.53
20289 10552 16011 1 73.71
20290 15992 17553 1 22.56
20291 15956 15988 1 22.24
20292 17557 16014 1 27.18
20293 16015 16001 1 14.98
20294 16010 16015 1 2.48
20296 17558 17561 1 33.06
20297 16017 16018 1 9.43
20298 16013 16019 1 32.31
20299 16020 16012 1 51.56
20300 16021 16022 1 34.82
20301 16023 10882 1 15.43
20302 16024 16025 1 12.4
20303 16026 16027 1 20.31
20304 16028 16029 1 23.21
20305 16030 16031 1 9.36
20306 16027 16031 1 15.49
20307 16032 16028 1 17.44
20308 16028 21800 1 52.98
20309 21800 15932 1 5.84
20310 16026 16033 1 19.51
20311 15989 21836 1 5.94
20313 11048 21817 1 14.05
20314 16014 10728 1 24.91
20315 16014 17558 1 3.75
20316 11493 15938 1 19.63
20317 15933 15938 1 8.01
20319 15939 16036 1 58.54
20320 16036 16002 1 16.76
20322 21802 15939 1 6.6
20323 17575 16037 1 27.52
20324 10666 17552 1 50.41
20325 17558 21830 1 47.2
20326 16006 17576 1 59.43
20327 10952 17555 1 40.59
20328 16039 17525 1 25.83
20329 10514 16040 1 29.69
20330 16031 16023 1 0.94
20331 16018 16030 1 8.58
20332 15981 15976 1 22.14
20333 16041 16042 1 8.32
20334 10881 16043 1 4.64
20335 16044 10850 1 10.97
20336 16020 10829 1 20.48
20337 16045 16044 1 11.05
20339 16042 16024 1 17.28
20340 15967 16024 1 24.2
20341 16046 15967 1 16.41
20342 16046 16042 1 20.43
20343 16042 16017 1 2.48
20344 15932 15941 1 66.94
20345 17524 16047 1 89.41
20346 11071 16047 1 31.04
20347 11306 16048 1 39.84
20348 15949 16049 1 31.37
20349 17572 15949 1 19.03
20350 16051 11273 1 24.67
20351 16000 16052 1 30.82
20352 16052 16051 1 20.06
20353 15934 16052 1 5.01
20354 16033 16053 1 16.09
20355 16054 16055 1 21.32
20356 16055 16053 1 23.38
20357 17576 16054 1 29.17
20358 16037 16056 1 3.2
20359 16057 16054 1 4.1
20360 16043 16017 1 3.83
20361 16044 16046 1 1.9
20362 16049 16058 1 13.66
20363 17529 16048 1 28.92
20364 16048 16049 1 9.35
20365 16059 15943 1 38.01
20366 16004 17531 1 18.53
20367 15940 16004 1 16.23
20368 16004 16060 1 23.1
20369 17574 21818 1 22.97
20370 16060 17574 1 0.48
20371 17574 15935 1 0.51
20372 16056 16032 1 2.23
20373 16057 16032 1 7.06
20374 16029 16062 1 24.5
20375 16062 16026 1 21.32
20376 16063 16055 1 0.26
20377 16062 16063 1 0.24
20378 16053 17562 1 12.89
20379 16023 16033 1 15.98
20419 17556 17572 1 52.24
20420 16021 16019 1 8.92
20421 15951 15943 1 15.37
20504 17535 16173 1 28.97
20505 16174 9954 1 16.54
20506 9965 17543 1 16.06
20507 10514 12795 1 0.0
20508 10666 12782 1 0.0
20509 16175 17543 1 22.56
20510 16176 17536 1 22.52
20511 16174 16178 1 26.62
20512 16178 16175 1 12.26
20513 16178 17536 1 1.0
20514 16175 16176 1 0.38
20515 17543 16174 1 13.9
20516 16173 17544 1 37.59
20517 11755 16173 1 17.31
20518 16176 17545 1 44.76
20606 15985 10527 1 11.02
20607 21837 15985 1 14.46
20626 16019 17569 1 3.56
20627 10641 16021 1 0.0
20628 10684 17559 1 4.58
20630 10728 12781 1 0.0
20631 15998 10738 1 6.76
20632 10740 15998 1 5.05
20633 17560 16045 1 9.18
20634 15969 16045 1 5.78
20635 17560 10850 1 8.38
20637 10882 10871 1 5.18
20638 9294 16041 1 5.64
20639 16041 10881 1 1.86
20640 10872 9293 1 2.99
20641 16005 17572 1 0.04
20642 17572 11307 1 0.05
20643 17575 17556 1 0.01
20644 16059 17575 1 0.0
20646 17576 17573 1 7.1
20648 10829 15968 1 8.13
20649 16045 10829 1 19.43
20650 16000 21817 1 59.11
20651 11305 11273 1 0.13
20652 17531 11306 1 2.74
20653 11775 17534 1 29.7
20654 10578 16022 1 26.99
20655 17571 10628 1 5.08
20656 16022 15961 1 1.12
20657 16022 17571 1 4.25
20658 11599 11493 1 5.89
20659 10430 10552 1 36.82
20661 11731 11706 1 0.07
20662 15999 11706 1 0.0
20664 11071 10969 1 76.59
29653146 21816 10325 1 5.1
29653147 21817 21940 1 41.26
29653148 21807 15939 1 72.49
29653163 17555 21830 1 17.64
29653275 17561 21990 1 19.97
