153 175 13
16287
16288
16289
16290
16291
16293
16294
16295
16296
16297
16298
16299
21796
19262 14899 14858 1 30.64
19268 14903 14899 1 11.67
19271 14905 14906 1 53.19
19273 14903 14908 1 24.38
19274 14909 14905 1 71.81
19275 14908 14909 1 6.67
19281 14909 14916 1 15.19
19287 14916 14921 1 14.33
19290 14921 14924 1 5.77
19294 14924 14928 1 10.0
19308 14928 14938 1 19.09
19309 14938 14939 1 5.94
19312 14939 14942 1 7.76
19319 14942 14949 1 6.62
19324 14949 14952 1 3.25
19325 14952 14953 1 5.34
19329 14953 14958 1 4.56
19335 14958 14964 1 11.38
19346 14972 14965 1 55.52
19348 14964 14974 1 11.72
19349 14975 14972 1 10.66
19354 16294 14975 1 32.54
19360 14974 16291 1 13.91
19363 14974 16293 1 62.59
19364 16293 16294 1 24.93
19369 16291 14993 1 16.87
19372 14993 14996 1 5.8
19381 14996 15005 1 15.04
19382 16293 15005 1 63.39
19390 15005 15011 1 15.66
19399 15011 15017 1 20.5
19404 15017 15022 1 14.33
19406 15024 15005 1 28.96
19409 15022 15026 1 13.32
19413 15026 15029 1 19.96
19414 15029 15030 1 0.95
19415 15031 15024 1 12.01
19418 15030 15034 1 20.54
19421 15037 15031 1 24.78
19422 15034 15038 1 4.96
19423 15039 15038 1 0.51
19428 15039 16287 1 12.41
19429 15043 15041 1 8.35
19430 16287 15044 1 8.73
19433 15047 15043 1 53.59
19435 15049 15047 1 48.36
19436 15044 15049 1 44.03
19440 15051 15037 1 44.51
19443 15054 15051 1 6.27
19445 15044 16288 1 35.34
19446 15057 15054 1 21.07
19447 16288 15058 1 18.07
19449 15060 16288 1 41.93
19452 16288 15062 1 32.63
19454 15064 15057 1 22.7
19455 15065 15064 1 0.49
19457 15067 15060 1 27.33
19458 15058 16289 1 23.8
19459 15062 16289 1 21.59
19460 16289 15069 1 14.98
19463 15071 15065 1 14.74
19464 15067 15072 1 14.25
19465 15043 15073 1 76.96
19466 15073 15067 1 83.34
19467 15074 15071 1 3.34
19469 16295 15074 1 7.27
19470 15072 15077 1 24.6
19472 16289 15079 1 31.19
19474 15079 15081 1 8.57
19475 15082 15083 1 36.91
19476 15073 15084 1 24.78
19477 15077 15085 1 16.16
19478 15086 16295 1 21.12
19479 15086 15082 1 31.0
19480 15081 15087 1 8.61
19481 15087 15088 1 10.26
19482 15088 15086 1 2.48
19483 15087 16296 1 2.3
19484 15090 15091 1 24.32
19485 15043 15091 1 184.74
19486 15081 15092 1 10.6
19487 15087 15093 1 4.1
19488 15085 15094 1 9.05
19489 15093 15092 1 8.67
19490 15088 15095 1 7.97
19491 15091 15084 1 163.69
19492 15093 15096 1 5.72
19493 15095 15097 1 10.38
19494 15098 15085 1 23.73
19495 15092 15098 1 28.68
19496 15084 15099 1 72.29
19497 15097 15100 1 44.73
19499 15092 15102 1 16.42
19500 15096 15102 1 11.38
19501 15094 21796 1 34.95
19502 15098 15104 1 20.22
19503 15105 15099 1 10.05
19504 15105 15106 1 2.54
19505 15102 15107 1 6.88
19506 15096 15108 1 47.72
19507 15106 21796 1 36.41
19508 15107 15109 1 9.81
19509 15109 15110 1 2.97
19510 15104 15111 1 20.15
19511 15112 15109 1 26.31
19512 15102 15113 1 35.35
19513 15114 15111 1 14.01
19514 15114 15112 1 7.08
19515 15110 15115 1 9.68
19518 15115 15117 1 8.23
19519 15113 15118 1 9.02
19520 15106 15119 1 39.3
19521 15111 15119 1 30.5
19522 15097 15120 1 78.34
19523 15121 15119 1 37.03
19524 15120 15122 1 7.0
19526 15122 16297 1 10.87
19527 15113 15125 1 25.8
19528 15125 15108 1 26.86
19530 15127 15114 1 33.53
19531 15128 15127 1 0.43
19532 15117 15129 1 20.93
19533 15125 15130 1 21.24
19534 15131 15128 1 33.42
19535 15091 15132 1 94.1
19536 15129 15133 1 11.2
19537 15120 15134 1 36.31
19538 15133 15135 1 6.65
19539 15118 15133 1 49.57
19540 15135 15136 1 3.95
19541 15137 15131 1 31.57
19542 15132 15138 1 20.08
19543 15139 15137 1 23.96
19544 15136 15139 1 28.85
19545 15137 15140 1 43.57
19546 15136 16290 1 10.47
19547 16290 15142 1 2.39
19548 15132 15143 1 93.4
19549 15084 15143 1 112.7
19550 15143 15140 1 76.35
19552 15090 15145 1 125.38
19553 15145 15132 1 129.95
19554 15134 15146 1 33.52
19559 15142 15150 1 11.81
19560 15130 15151 1 48.53
19561 15146 16298 1 8.22
19562 16298 15153 1 4.05
19563 16298 15151 1 75.71
19564 15154 15151 1 24.51
19565 15145 15155 1 22.68
19566 15150 15156 1 18.5
19567 15156 15157 1 11.75
19568 15157 15158 1 12.66
19569 15158 15154 1 74.34
19570 15158 15159 1 4.11
19571 15140 15158 1 107.02
19572 15160 15154 1 46.14
19573 15161 15160 1 64.85
19574 16298 15161 1 65.15
19575 15161 15162 1 9.52
19576 15159 15163 1 34.02
19577 15163 16299 1 5.39
19578 15161 15165 1 49.45
19579 15165 15166 1 11.66
19580 15167 15160 1 38.98
19581 15167 15165 1 10.24
19582 15168 15169 1 54.02
19583 15169 15167 1 14.04
19584 15170 15169 1 19.88
19585 15165 15171 1 33.17
19586 15171 15172 1 8.2
19587 15173 15170 1 27.39
19588 15171 15173 1 40.04
19589 15173 15174 1 15.6
19590 15175 15171 1 30.06
