834 1019 10
16604
16336
16414
16894
16891
16390
16905
16558
16474
16525
1 1 16524 1 10.56
2 16528 16521 1 15.25
3 16524 16528 1 20.63
4 16507 22135 1 21.18
5 16415 8 1 2.76
6 16495 10 1 53.69
8 13 14 1 9.06
9 8 15 1 26.8
10 16469 16447 1 52.34
11 18 19 1 29.5
12 19 20 1 3.19
13 15 21 1 34.16
14 22 16377 1 2.09
15 24 25 1 7.69
16 16414 27 1 25.57
17 16440 29 1 30.48
18 30 16413 1 37.46
19 32 33 1 41.34
20 21 18 1 23.86
21 19 21979 1 51.27
22 20 35 1 29.01
23 36 37 1 1.12
24 33 16396 1 62.08
25 16505 40 1 3.04
26 41 42 1 48.55
35 16486 16513 1 6.13
36 21979 16445 1 1.02
37 59 16443 1 26.45
38 16442 62 1 5.74
39 63 16448 1 14.69
40 59 16449 1 31.06
41 66 16452 1 14.59
42 68 69 1 24.22
43 24 69 1 14.65
44 70 16461 1 5.83
48 77 16457 1 19.62
49 79 16410 1 15.75
50 16547 16408 1 25.51
51 83 84 1 3.36
52 16408 85 1 3.35
53 85 83 1 2.28
54 85 80 1 2.05
55 86 16411 1 10.94
56 88 515 1 18.93
57 16502 22135 1 6.0
58 138 159 1 3.38
59 16584 93 1 42.67
60 94 16629 1 18.87
61 96 97 1 9.09
62 98 99 1 43.45
63 100 101 1 24.98
64 16562 16549 1 8.07
65 16631 16636 1 34.57
66 94 16631 1 5.89
67 16645 16604 1 16.18
68 16636 108 1 35.75
75 16553 118 1 19.8
76 16554 120 1 2.15
77 16586 16558 1 17.15
78 123 124 1 35.33
79 124 16556 1 12.62
80 97 16552 1 8.51
81 124 16552 1 4.34
82 16557 124 1 4.88
83 128 123 1 8.89
84 129 16560 1 11.99
85 16567 132 1 14.7
86 16567 16582 1 9.82
88 136 2744 1 8.67
89 138 16499 1 1.75
102 62 16441 1 17.56
127 199 200 1 4.65
128 201 202 1 17.91
129 202 16344 1 16.87
130 204 16346 1 14.46
131 202 206 1 9.32
132 206 16346 1 4.39
133 208 16373 1 13.36
134 16358 16371 1 44.96
135 16365 213 1 14.12
136 16349 215 1 55.63
137 216 217 1 26.45
138 16353 217 1 38.79
139 217 219 1 25.07
140 219 220 1 44.78
141 221 222 1 30.73
142 223 16349 1 19.68
143 16349 224 1 18.74
144 225 226 1 69.88
145 223 226 1 18.49
146 226 16348 1 10.39
147 222 220 1 24.42
148 220 16350 1 1.75
149 16350 229 1 3.18
150 16355 231 1 56.44
151 16813 70 1 41.41
152 233 234 1 26.07
153 16529 16533 1 30.76
155 238 239 1 47.26
156 16348 16336 1 93.98
157 239 241 1 20.84
158 242 241 1 3.92
159 16336 241 1 1.34
160 16406 512 1 11.34
161 245 16406 1 22.35
162 16915 16907 1 29.35
163 16912 16921 1 21.37
164 16912 16922 1 25.96
165 251 252 1 2.0
166 253 254 1 29.83
167 16886 16888 1 12.42
168 16877 16884 1 27.73
169 259 16877 1 9.8
170 260 16888 1 24.34
171 261 16877 1 16.4
172 262 16557 1 15.75
173 263 16559 1 25.59
174 265 16553 1 47.77
175 16556 16551 1 11.43
176 128 265 1 43.28
177 251 267 1 14.46
178 268 16911 1 24.31
179 16907 270 1 13.0
180 270 271 1 24.43
181 270 272 1 8.06
183 16905 272 1 1.05
184 16907 275 1 2.24
185 276 16911 1 13.05
186 16912 268 1 13.54
187 277 278 1 34.03
188 278 279 1 17.33
190 282 283 1 18.53
191 284 16543 1 23.05
192 286 287 1 16.23
193 288 17788 1 13.18
194 288 17789 1 17.69
195 286 16544 1 20.83
196 292 293 1 24.37
197 294 295 1 19.34
198 16607 16427 1 12.41
199 298 1 1 12.07
200 299 16466 1 2.12
201 16846 302 1 31.85
202 16548 16359 1 17.59
204 16548 208 1 7.55
205 16610 16608 1 9.36
206 16353 308 1 40.21
207 309 16340 1 75.1
208 16427 16621 1 9.53
209 16515 16857 1 14.78
212 16937 233 1 8.57
213 318 319 1 7.31
214 16841 16480 1 12.48
215 16375 323 1 30.0
216 324 16468 1 18.95
217 16401 204 1 11.66
218 327 294 1 15.93
219 16561 323 1 34.72
220 329 330 1 57.71
221 331 332 1 47.28
222 298 16518 1 11.83
223 334 84 1 74.3
224 16563 16377 1 21.1
225 336 16515 1 17.75
226 199 16340 1 61.93
227 120 79 1 29.26
228 16404 204 1 33.6
229 16399 339 1 42.96
230 340 341 1 50.24
231 342 343 1 32.4
232 344 341 1 34.6
233 341 16337 1 71.73
234 346 343 1 24.95
235 347 340 1 31.8
237 16648 16645 1 7.99
238 238 16337 1 46.71
239 349 347 1 10.99
240 224 329 1 6.14
241 330 16338 1 4.46
242 330 351 1 6.1
243 343 16338 1 2.34
244 16340 352 1 54.4
245 353 354 1 13.11
246 16340 353 1 2.33
247 16343 356 1 51.12
248 231 201 1 18.56
249 16344 357 1 51.8
250 16341 342 1 13.09
251 331 16342 1 34.71
252 331 16341 1 1.28
253 231 16342 1 3.52
254 29 360 1 15.15
255 360 361 1 1.4
256 362 363 1 10.0
257 339 357 1 13.88
258 334 339 1 38.94
259 357 16343 1 7.68
262 16346 16347 1 20.61
263 16594 368 1 10.08
264 16593 16578 1 18.28
265 16565 96 1 1.14
266 16574 16566 1 10.52
267 16577 16587 1 14.19
268 16574 376 1 24.15
269 377 16583 1 9.84
270 16569 380 1 8.57
271 16577 16589 1 18.07
272 16578 16589 1 14.19
273 132 16565 1 35.18
274 16562 382 1 8.24
275 16564 384 1 19.8
276 384 16562 1 13.53
277 385 16564 1 15.96
278 380 376 1 4.53
279 16589 386 1 4.15
280 16602 16596 1 4.36
281 16590 386 1 7.78
282 390 391 1 9.19
283 392 16625 1 14.32
284 394 16591 1 3.9
285 396 16587 1 14.38
287 16565 262 1 9.76
288 399 16477 1 14.21
289 399 401 1 5.44
290 401 402 1 6.83
291 403 16626 1 1.18
292 16518 16520 1 9.61
293 406 16514 1 3.94
294 16520 406 1 4.08
295 16515 406 1 10.19
296 16525 409 1 20.26
297 410 411 1 4.8
298 16525 411 1 5.61
299 410 16525 1 3.56
300 412 16530 1 9.32
301 16529 1 1 1.23
302 414 16532 1 3.95
303 416 16530 1 6.19
304 16533 416 1 4.43
305 16535 418 1 14.42
306 16535 288 1 17.24
307 16535 41 1 11.04
308 41 16534 1 2.46
309 16539 421 1 7.9
310 422 423 1 18.23
311 295 282 1 0.46
312 220 225 1 3.16
316 217 426 1 20.93
317 308 16357 1 24.48
318 16352 429 1 65.13
319 16354 219 1 57.25
320 431 309 1 9.2
321 215 332 1 12.7
322 215 432 1 9.05
323 429 221 1 4.07
324 16347 16355 1 46.75
325 16355 16352 1 11.67
326 16352 308 1 16.68
327 208 433 1 4.71
328 16358 16357 1 36.02
329 213 16354 1 9.42
330 16358 16354 1 2.56
331 434 435 1 18.13
332 16379 437 1 13.15
333 16361 16365 1 10.5
334 22 16380 1 20.11
335 16363 16369 1 14.07
336 442 443 1 1.36
347 442 451 1 18.94
348 451 16360 1 17.79
349 433 16358 1 26.3
350 451 16361 1 1.85
351 16376 16375 1 12.2
352 394 454 1 24.39
353 16375 16370 1 9.43
354 16369 437 1 28.06
355 16368 16362 1 16.09
356 16364 16365 1 10.83
357 16362 16364 1 12.79
358 386 454 1 7.59
359 16370 16368 1 10.1
360 16561 16371 1 21.83
361 16376 16371 1 6.71
370 437 22 1 5.98
371 16453 468 1 47.09
372 16384 16388 1 40.16
373 16388 434 1 0.47
374 471 16387 1 45.62
375 473 32 1 0.33
376 474 476 1 12.19
379 478 16396 1 43.35
380 479 474 1 6.81
381 480 477 1 33.85
382 481 30 1 12.6
384 483 471 1 30.49
385 484 485 1 23.31
386 471 16389 1 3.61
387 16388 484 1 0.82
388 16389 485 1 19.89
389 485 474 1 19.07
390 30 16390 1 43.29
391 16390 33 1 4.45
392 477 483 1 17.75
393 488 483 1 23.57
394 483 479 1 5.87
395 489 490 1 17.28
396 488 489 1 1.74
397 480 16393 1 4.36
398 481 16392 1 13.08
399 16420 88 1 15.0
400 494 495 1 4.94
401 16398 497 1 3.75
402 16399 431 1 4.58
403 518 499 1 26.97
404 499 27 1 19.76
405 16407 16417 1 24.94
406 16422 16419 1 12.88
407 497 245 1 16.16
408 504 505 1 8.96
409 309 506 1 2.2
410 16397 16398 1 53.67
414 84 16404 1 34.72
415 245 16405 1 38.65
416 512 83 1 45.21
417 16400 16399 1 5.48
418 514 16405 1 31.44
419 512 514 1 13.18
420 515 86 1 5.58
421 16412 79 1 10.22
422 494 16412 1 12.42
423 32 8 1 41.68
424 16413 473 1 8.33
425 518 517 1 25.53
426 518 497 1 13.1
427 16414 518 1 44.61
428 16415 519 1 1.02
429 519 16440 1 22.35
430 16608 16612 1 23.38
431 521 522 1 10.34
432 523 16419 1 2.5
433 523 495 1 2.77
434 524 16430 1 1.75
435 16605 16427 1 12.52
438 16428 468 1 26.21
439 36 16428 1 24.84
440 16428 529 1 8.51
441 16431 135 1 21.4
442 530 531 1 18.74
443 16431 36 1 27.96
444 530 16431 1 1.98
445 532 16432 1 9.05
446 16432 135 1 6.93
447 16433 532 1 4.96
448 16558 16557 1 23.57
449 535 16433 1 1.2
450 535 135 1 12.85
452 10 536 1 34.92
453 536 16438 1 35.32
454 538 539 1 35.54
455 540 541 1 7.3
456 16437 541 1 11.28
457 541 538 1 10.63
459 16437 540 1 7.94
460 539 544 1 6.2
461 16439 546 1 4.94
470 546 544 1 2.88
471 553 554 1 33.39
472 16485 556 1 2.0
473 16513 16491 1 6.59
474 2744 558 1 19.98
475 16497 558 1 10.92
476 560 68 1 2.71
477 68 561 1 0.6
478 562 16883 1 9.2
479 564 16463 1 7.68
489 16464 573 1 5.52
490 564 16467 1 1.87
491 16468 16467 1 6.65
492 575 16817 1 19.94
493 573 564 1 0.79
494 299 16467 1 5.12
495 577 578 1 0.44
496 16475 16470 1 31.65
497 16471 16470 1 21.61
498 16476 16471 1 8.84
499 578 16476 1 0.68
500 16471 16472 1 12.55
501 361 62 1 5.71
502 584 16471 1 0.78
503 584 16473 1 3.47
504 136 587 1 10.18
505 16475 577 1 16.67
506 16482 401 1 18.07
507 402 589 1 12.39
508 16492 16485 1 30.34
513 402 594 1 17.11
514 16487 16485 1 20.93
515 16552 16549 1 31.33
516 16550 16551 1 9.1
517 16549 16548 1 31.98
518 597 16600 1 2.09
519 16553 16554 1 26.79
520 16544 599 1 0.69
521 600 16538 1 18.24
522 602 603 1 1.47
523 234 602 1 0.64
524 604 605 1 15.2
525 521 88 1 16.55
526 517 245 1 16.2
527 16400 606 1 75.38
528 499 478 1 41.0
529 606 16397 1 21.89
530 16593 16579 1 17.22
531 199 606 1 45.56
532 200 608 1 5.37
534 611 16455 1 8.71
535 16396 613 1 9.38
536 16396 504 1 6.75
537 608 505 1 4.96
538 20 16416 1 3.69
539 615 616 1 19.0
540 617 16904 1 11.45
541 16427 531 1 20.88
542 16430 530 1 16.75
543 495 16420 1 1.33
544 16421 523 1 10.28
545 16427 620 1 32.59
546 16418 16421 1 13.32
547 16417 521 1 12.14
548 522 16418 1 6.79
549 66 59 1 37.78
550 16447 59 1 3.09
551 558 2743 1 8.2
552 66 16450 1 3.97
553 16472 560 1 29.17
554 16472 77 1 24.9
555 561 399 1 19.03
556 624 16465 1 7.67
557 16481 299 1 15.83
558 589 16473 1 14.54
559 16480 299 1 14.74
560 532 16454 1 25.46
566 16454 16453 1 24.39
567 16470 611 1 12.14
568 16453 35 1 14.22
569 69 16461 1 2.48
570 16458 16457 1 12.64
571 69 573 1 29.31
572 16457 69 1 12.29
573 16465 561 1 8.88
574 68 16464 1 20.72
575 16501 634 1 0.62
576 16501 635 1 2.05
577 634 636 1 24.16
578 16512 638 1 2.7
579 16508 409 1 4.0
580 16526 16531 1 8.75
581 16506 16513 1 13.97
582 643 644 1 1.18
583 638 410 1 4.75
586 16510 16506 1 6.7
587 16671 649 1 16.98
588 16661 16674 1 22.19
589 16669 16666 1 14.85
590 16662 655 1 30.32
591 16637 16641 1 34.61
592 16638 643 1 32.18
593 93 659 1 16.23
594 660 101 1 17.68
595 644 16637 1 6.48
596 16637 660 1 3.85
597 16638 16662 1 4.77
598 16651 16641 1 16.08
599 16660 663 1 6.55
600 16659 16654 1 6.15
601 16646 16659 1 22.26
602 16650 668 1 3.43
603 668 16643 1 3.52
604 16654 16650 1 11.78
605 16385 16384 1 1.42
606 671 16647 1 11.14
607 16657 16669 1 17.41
608 674 16661 1 7.17
609 16390 16385 1 28.59
614 16667 649 1 19.48
615 94 16619 1 33.47
616 16619 16620 1 17.28
617 16435 135 1 44.24
618 16623 16633 1 37.77
619 16627 16630 1 10.01
620 16636 16627 1 16.31
621 16627 684 1 15.02
622 16624 403 1 9.71
623 16625 403 1 7.42
624 16626 16628 1 6.31
625 16630 687 1 11.59
626 16629 687 1 1.51
627 605 422 1 4.06
628 16538 688 1 0.86
629 421 688 1 1.47
630 602 600 1 14.99
631 16539 16540 1 7.23
632 318 16937 1 3.64
635 16542 693 1 1.73
636 16536 695 1 18.65
637 16542 604 1 6.51
638 16537 414 1 5.21
639 697 327 1 0.7
640 16545 234 1 0.92
641 16545 697 1 0.28
642 16543 292 1 5.32
643 287 294 1 11.92
644 253 699 1 35.72
645 16830 575 1 32.44
646 674 16724 1 23.42
647 16647 16722 1 13.49
648 16661 16730 1 10.89
649 16890 16681 1 17.04
650 16623 16813 1 31.38
651 706 16680 1 26.84
652 16631 708 1 29.07
653 16646 597 1 13.73
654 101 377 1 41.63
655 377 396 1 3.89
656 396 394 1 6.1
657 709 16596 1 15.38
658 16593 16594 1 7.37
662 709 16593 1 6.79
663 454 16593 1 8.57
664 16595 16596 1 16.23
665 16592 16598 1 11.09
666 16598 100 1 6.33
667 16598 16597 1 8.55
668 16600 16599 1 6.95
669 16599 100 1 5.55
670 16604 16602 1 16.67
671 719 16621 1 21.93
672 16620 16625 1 12.36
673 687 720 1 19.08
674 16633 16624 1 40.7
675 16617 392 1 0.89
676 16633 722 1 3.18
677 16610 723 1 19.25
678 16610 16607 1 12.9
679 724 725 1 8.84
680 726 724 1 6.53
681 16617 726 1 22.83
682 16617 727 1 19.25
683 263 726 1 18.57
688 731 732 1 41.01
689 655 16663 1 12.81
690 732 16631 1 4.2
691 16663 94 1 3.26
692 16666 16665 1 12.47
693 16665 731 1 1.46
694 735 708 1 6.92
695 735 16667 1 22.65
696 699 708 1 1.76
697 108 708 1 8.3
698 16678 737 1 7.98
699 16683 16685 1 14.51
700 740 16561 1 24.56
701 512 16407 1 17.95
702 515 80 1 6.95
703 741 742 1 11.34
704 636 743 1 3.49
705 744 745 1 6.34
706 746 747 1 0.73
707 16504 746 1 1.59
710 16501 744 1 3.4
711 418 16501 1 39.04
712 744 751 1 1.39
713 16503 753 1 4.87
714 16502 747 1 11.17
715 16502 754 1 1.34
716 745 747 1 5.65
717 755 16504 1 5.13
718 756 757 1 0.79
719 16504 756 1 2.65
720 414 758 1 3.07
721 261 699 1 9.57
722 108 759 1 8.18
723 16563 380 1 6.59
724 323 385 1 4.57
725 16563 323 1 2.29
726 382 16565 1 21.35
727 16566 132 1 19.12
728 760 16574 1 6.17
729 16573 363 1 14.68
730 762 16578 1 29.04
731 762 16572 1 1.29
732 16571 362 1 4.51
733 16569 16571 1 13.02
736 767 760 1 5.58
737 363 762 1 3.86
738 16577 16574 1 17.79
739 262 1001 1 0.47
740 1001 769 1 48.3
741 403 684 1 0.55
742 16581 16567 1 5.52
743 769 16581 1 17.55
744 769 16583 1 4.39
745 16591 16592 1 10.19
746 100 16601 1 17.44
747 16601 16596 1 16.84
748 727 16614 1 22.19
749 727 263 1 7.28
750 726 725 1 11.11
751 725 16586 1 24.84
752 16615 725 1 2.19
753 16636 722 1 30.54
754 16643 16651 1 38.33
755 16669 16651 1 10.83
756 16671 16666 1 12.34
757 16405 16400 1 40.67
758 16443 62 1 37.7
759 16641 731 1 5.73
767 16648 16660 1 15.79
768 16931 779 1 10.82
769 16930 779 1 14.69
770 781 16930 1 10.74
771 782 16931 1 1.76
772 783 784 1 3.02
773 783 785 1 1.44
774 16856 787 1 5.85
775 788 553 1 3.06
776 16939 554 1 18.87
777 554 16935 1 22.06
778 16939 16934 1 23.27
779 792 16939 1 1.29
782 796 283 1 31.45
783 797 798 1 26.48
784 283 797 1 21.6
785 233 797 1 27.61
786 796 16938 1 10.36
787 798 796 1 2.36
788 336 800 1 8.9
789 16927 802 1 3.56
790 803 16929 1 28.77
791 16929 16930 1 19.31
792 16875 16906 1 12.18
793 16868 808 1 11.76
794 16859 781 1 17.15
795 16941 16934 1 40.95
796 16832 759 1 26.09
797 939 792 1 37.25
798 16934 276 1 42.6
799 293 813 1 0.81
800 16853 815 1 8.94
801 816 817 1 5.04
802 16836 16850 1 17.05
803 16850 16861 1 10.88
804 16839 16865 1 9.86
805 823 824 1 19.44
809 16859 16874 1 13.26
810 16828 16823 1 8.07
811 16830 16827 1 9.3
812 817 16828 1 13.6
813 817 16825 1 11.76
814 831 16829 1 6.23
815 16828 831 1 9.84
816 833 16827 1 9.84
817 833 16826 1 8.05
818 831 833 1 6.32
819 16831 16837 1 7.64
820 16831 16834 1 13.94
821 838 824 1 12.55
822 16837 839 1 7.02
823 839 16832 1 6.18
824 840 838 1 13.16
825 16836 838 1 5.84
826 16839 16837 1 17.94
827 16839 824 1 0.6
828 391 16855 1 5.96
829 16853 16859 1 15.3
830 842 16851 1 6.55
835 787 842 1 17.94
836 16844 16849 1 21.19
837 16858 16852 1 17.73
838 787 16858 1 28.49
839 16842 816 1 2.62
840 324 16841 1 2.97
841 16842 324 1 2.31
842 816 16844 1 8.81
843 16850 16849 1 19.78
844 16851 16849 1 8.57
845 853 16856 1 5.21
846 800 302 1 9.73
847 854 16856 1 3.21
848 302 16857 1 5.07
849 302 16854 1 2.9
850 16855 16847 1 10.01
851 802 857 1 9.31
852 857 853 1 2.04
853 390 857 1 3.4
857 16859 16858 1 5.81
858 16875 16870 1 15.62
859 16873 866 1 27.75
860 16874 815 1 12.67
861 16874 16863 1 12.99
862 16862 16870 1 13.37
863 815 16861 1 6.15
864 16864 823 1 7.16
865 16863 16864 1 7.58
866 823 16862 1 4.49
867 16866 16871 1 10.73
868 16865 16866 1 7.91
869 16871 16868 1 4.91
870 16870 16869 1 4.83
871 16874 16873 1 18.23
872 706 562 1 18.08
873 16908 16898 1 15.3
874 875 16905 1 14.24
875 275 16908 1 13.34
876 16876 261 1 4.88
877 877 759 1 5.17
878 759 16876 1 4.4
879 16881 259 1 7.89
880 879 16881 1 7.29
885 16880 253 1 8.0
886 253 16879 1 5.36
887 879 16882 1 2.98
888 260 879 1 1.76
889 16883 260 1 1.26
890 16886 617 1 1.63
891 16886 875 1 1.25
892 16884 16886 1 2.13
893 16894 16891 1 30.29
894 888 251 1 8.9
895 889 16896 1 16.32
896 706 891 1 3.47
897 891 16891 1 3.69
898 16890 891 1 7.58
899 16891 889 1 3.81
900 16896 16899 1 8.17
901 16899 888 1 9.84
902 16901 16902 1 12.44
903 16900 16901 1 5.33
904 16921 16915 1 7.08
908 16921 16916 1 24.35
909 16916 16922 1 26.04
910 16898 16914 1 3.03
911 16898 16913 1 6.68
912 16916 16913 1 17.87
913 16913 900 1 21.17
914 16914 16915 1 13.15
915 901 16922 1 9.53
916 16921 16922 1 20.74
917 788 16930 1 4.7
918 16940 798 1 34.52
919 785 797 1 50.68
920 16940 792 1 57.24
921 903 782 1 9.39
922 16935 16932 1 36.11
923 783 905 1 5.33
924 783 906 1 5.12
925 907 336 1 10.75
926 298 908 1 16.39
927 16927 336 1 2.27
928 16528 412 1 10.03
929 906 907 1 6.44
939 906 903 1 1.65
940 16928 784 1 6.03
941 16928 908 1 1.79
942 16435 16623 1 54.13
943 16906 917 1 18.48
944 877 261 1 1.77
945 98 16586 1 49.68
946 16900 889 1 23.79
947 16878 877 1 32.73
948 490 919 1 89.77
949 16724 671 1 29.19
950 16455 16453 1 32.41
952 16507 16500 1 7.48
953 16509 16507 1 11.12
954 16512 16509 1 8.16
955 352 923 1 29.85
956 16343 352 1 65.85
957 198 279 1 2.44
960 17800 928 1 15.98
961 928 17798 1 5.69
962 17798 930 1 20.81
963 930 931 1 9.69
964 931 932 1 19.7
965 1119 267 1 7.5
966 267 16900 1 12.59
967 889 934 1 3.71
968 934 706 1 3.85
969 706 254 1 1.6
970 671 16648 1 2.1
971 16645 16646 1 9.34
972 16646 16643 1 23.31
973 16643 660 1 21.63
974 660 659 1 5.26
975 747 935 1 21.75
976 587 16475 1 8.07
977 659 644 1 2.98
978 644 98 1 4.55
979 16586 129 1 15.14
980 129 16559 1 20.66
981 16606 118 1 34.8
982 118 120 1 22.74
987 538 490 1 25.29
988 919 16386 1 85.47
990 271 16906 1 9.26
991 917 808 1 4.27
992 16911 271 1 9.26
993 16337 239 1 72.61
994 16363 16362 1 17.76
995 16355 16546 1 44.31
996 16546 265 1 48.51
997 16549 16550 1 31.57
998 16550 265 1 20.02
999 943 944 1 12.41
1000 16470 16469 1 30.88
1002 16259 16724 1 0.82
1011 16481 16846 1 9.07
1012 947 16482 1 12.37
1013 947 16484 1 15.09
1014 624 16482 1 5.57
1015 16466 16465 1 11.85
1016 16481 947 1 3.03
1017 252 900 1 4.11
1018 944 589 1 7.3
1019 275 16888 1 18.41
1020 594 16485 1 1.04
1021 16488 16487 1 2.46
1022 16489 16492 1 1.2
1023 42 16496 1 64.13
1024 16496 16495 1 28.59
1025 757 16536 1 21.12
1026 40 943 1 20.47
1027 753 409 1 5.97
1028 16500 944 1 44.75
1029 952 422 1 17.38
1030 755 952 1 17.36
1031 409 755 1 10.29
1032 16533 318 1 3.6
1035 416 16540 1 15.04
1036 935 292 1 27.08
1037 421 16537 1 4.94
1038 16508 16507 1 2.55
1039 411 16526 1 1.48
1040 16519 16510 1 6.97
1041 16509 16510 1 7.42
1042 16519 956 1 1.15
1043 16682 958 1 15.51
1044 959 16682 1 15.54
1045 16672 16673 1 12.76
1046 16672 962 1 15.63
1047 16672 963 1 7.62
1048 963 16671 1 11.0
1049 964 16671 1 10.87
1050 737 964 1 0.48
1051 16682 16674 1 12.75
1052 16678 16680 1 9.24
1053 958 16683 1 16.46
1054 959 16685 1 17.57
1055 16722 965 1 7.69
1056 16360 16363 1 32.16
1057 220 966 1 46.8
1058 966 16360 1 41.84
1062 16612 16559 1 61.06
1063 16559 128 1 4.18
1064 16500 22135 1 8.82
1066 16441 969 1 34.6
1067 128 16606 1 7.11
1068 969 546 1 6.68
1069 16455 970 1 2.51
1070 279 971 1 17.22
1071 972 17804 1 12.14
1072 974 975 1 44.0
1073 277 17795 1 20.44
1074 977 978 1 17.42
1075 17792 977 1 12.3
1076 284 813 1 3.7
1078 17789 17788 1 7.82
1079 981 980 1 7.18
1080 978 981 1 18.81
1081 17790 978 1 0.87
1082 813 17790 1 0.7
1083 981 17792 1 3.41
1085 17794 17795 1 6.27
1086 17798 975 1 14.17
1087 17795 17798 1 11.08
1088 286 17793 1 15.08
1089 986 931 1 10.89
1090 17793 930 1 3.14
1091 975 17797 1 14.93
1092 986 17797 1 4.04
1093 928 17794 1 3.47
1094 17804 971 1 5.78
1095 13 988 1 35.97
1096 988 989 1 16.74
1097 989 990 1 14.0
1098 990 277 1 14.76
1099 282 990 1 0.67
1100 17807 16940 1 38.89
1101 974 992 1 3.34
1102 992 279 1 1.75
1103 971 17800 1 3.85
1104 16414 15 1 49.61
1106 343 349 1 38.46
1107 617 875 1 1.41
1108 16904 917 1 16.2
1109 720 16620 1 0.7
1110 16882 16880 1 3.56
1116 16392 993 1 1.55
1117 16450 63 1 1.24
1118 16579 997 1 11.73
1119 620 16430 1 13.94
1120 808 16878 1 17.46
1121 25 535 1 4.05
1122 754 16503 1 1.3
1123 998 16503 1 3.32
1124 16504 998 1 7.49
1125 688 605 1 0.23
1126 697 283 1 28.54
1127 327 603 1 1.17
1128 635 138 1 19.91
1129 604 423 1 10.52
1130 693 599 1 10.8
1131 956 16512 1 1.92
1132 695 16543 1 7.06
1133 695 423 1 12.11
1134 758 16531 1 1.91
1139 742 743 1 6.83
1140 16514 16513 1 11.83
1141 16514 16494 1 6.78
1142 594 943 1 1.29
1143 556 16486 1 7.31
1144 624 299 1 10.79
1145 1001 16584 1 13.38
1146 16362 16371 1 37.94
1147 16673 16674 1 10.92
1148 16628 687 1 12.27
1149 16572 767 1 3.72
1150 16446 16447 1 25.15
1151 16445 16446 1 15.8
1152 37 16454 1 38.55
1153 1003 37 1 11.22
1154 16884 617 1 2.54
1155 1004 524 1 9.58
1156 1005 1006 1 1.79
1157 522 1005 1 8.81
1158 16932 783 1 28.75
1161 611 16456 1 1.37
1162 16864 16869 1 14.35
1163 1009 238 1 15.73
1164 349 1009 1 14.59
1167 544 480 1 3.07
1173 616 16428 1 4.4
1175 16478 402 1 5.68
1191 22135 159 1 4.84
1195 302 390 1 5.25
1198 1018 517 1 33.75
1199 468 1018 1 20.79
1208 923 344 1 1.49
1209 1023 136 1 5.2
1210 159 1023 1 10.54
1211 16337 1024 1 1.24
1212 16393 481 1 34.4
1213 356 343 1 49.12
1214 1025 541 1 9.99
1216 390 854 1 2.52
1217 546 16415 1 49.42
1218 613 16395 1 4.58
1219 284 293 1 3.54
1220 293 1027 1 16.96
1221 1027 16535 1 20.68
1222 16857 16493 1 8.69
1223 16681 16683 1 6.74
1230 2743 16451 1 9.01
1231 276 866 1 11.63
1232 16619 724 1 11.09
1234 932 813 1 3.97
1235 944 402 1 9.2
1236 722 575 1 5.66
1237 16818 16816 1 32.34
1238 16817 16818 1 12.53
1239 16816 16821 1 10.0
1240 16821 1036 1 16.47
1241 1036 16467 1 3.81
1242 16512 16521 1 4.19
1243 16451 66 1 25.96
1252 1040 959 1 0.3
1256 795 16940 1 47.58
1260 344 1047 1 1.92
1264 977 17797 1 11.96
1274 972 278 1 6.63
1278 1173 16259 1 1.47
1279 515 85 1 8.79
1282 540 1060 1 5.63
3463 16474 2743 1 14.11
3786 3054 2744 1 11.07
3787 1006 16423 1 6.47
3788 1004 3056 1 12.06
11061 613 199 1 7.42
14827 11491 16437 1 0.97
14828 16469 16474 1 15.88
15805 3056 615 1 10.67
15806 1006 1004 1 8.78
15807 524 615 1 13.51
16820 14 17807 1 1.3
16821 13046 14 1 1.47
19598 15180 1018 1 27.43
19599 16816 16814 1 16.05
19600 16436 25 1 13.26
19632 15209 351 1 11.62
19633 15209 15210 1 11.28
19634 21979 16444 1 25.37
19637 15215 16473 1 32.45
19638 16404 15217 1 24.4
19639 16875 866 1 16.57
19644 15227 17802 1 10.07
19645 17802 15228 1 10.95
19647 14 15230 1 46.06
29653266 16444 16443 1 26.71
29653427 16410 80 1 13.43
