531 654 199
15243
16767
17858
16743
17972
17954
17909
16964
16781
17819
16701
17859
17950
17871
16755
16950
17987
17843
16968
16733
17892
17878
17022
17828
16955
16773
17881
17853
17831
16779
17004
17880
17966
16741
17884
17003
17841
17889
16690
17915
17860
16748
16751
16947
17005
17906
17862
17922
17946
16726
16965
16958
17012
17891
16981
17020
17861
16703
16959
17817
17009
17864
17870
16734
16728
16774
16739
17010
16979
17883
17953
17829
16961
17957
16762
17948
16952
17813
17903
17842
16923
16697
16737
16949
17904
17827
16983
17912
17822
17952
16768
17876
17806
16729
16974
17824
17970
17971
17852
16771
17874
16758
17017
16736
16695
17879
17967
17961
17901
17857
17896
16723
17031
16689
16970
17854
17942
17855
16760
17905
16752
17808
16920
17835
17959
17956
17820
17944
17825
17821
16953
17974
16761
17840
17877
17898
16918
17866
17958
16749
17910
17894
17951
16999
17920
16692
17850
17018
17911
16738
17895
17815
17888
16742
16925
16985
17916
16747
17851
16763
16948
17955
16769
17863
17965
17849
17919
17006
17013
17872
17803
16943
17833
17914
17964
17943
17015
17838
17882
17893
16978
17823
17008
17869
16917
17975
17002
17818
17899
16776
17845
17826
16693
17886
16702
16687
16778
17949
16984
27 43 17842 1 6.21
28 45 46 1 22.14
29 17844 48 1 9.15
30 49 17833 1 3.53
31 16950 16943 1 18.22
32 49 45 1 5.41
34 55 49 1 5.79
46 74 17852 1 20.86
47 17876 74 1 24.56
69 17875 17852 1 29.34
70 17891 111 1 8.76
71 112 17853 1 16.05
72 17853 17875 1 17.75
73 16948 16947 1 22.16
74 116 16948 1 42.24
90 17942 141 1 45.13
91 142 143 1 7.02
92 144 16946 1 25.45
93 144 17000 1 0.57
94 16954 17016 1 27.12
95 149 150 1 22.06
96 151 152 1 5.04
97 152 17949 1 18.51
98 154 16687 1 2.37
99 16976 149 1 6.89
100 157 16974 1 6.89
182 237 17806 1 6.6
210 314 315 1 13.42
211 17803 314 1 0.39
236 17806 17803 1 15.19
260 17812 237 1 19.94
261 17812 17813 1 7.77
286 397 17812 1 10.46
313 17814 17803 1 30.77
314 17812 17814 1 17.88
315 397 17816 1 6.16
337 17816 17814 1 13.0
338 444 397 1 14.06
339 17818 17816 1 15.86
340 17818 444 1 0.3
341 446 17818 1 1.08
342 446 447 1 0.35
343 17817 446 1 9.66
344 17816 17815 1 8.24
345 450 17818 1 0.73
346 446 450 1 0.75
362 450 459 1 4.8
363 460 450 1 8.49
364 460 17819 1 2.9
365 17815 17808 1 20.32
366 17815 17821 1 12.67
367 17821 459 1 14.77
368 464 465 1 8.23
369 17821 17820 1 9.12
383 17808 482 1 20.61
411 508 465 1 9.41
412 508 460 1 21.18
413 17821 17823 1 17.68
436 17819 17823 1 11.11
437 527 17821 1 13.15
462 17826 508 1 5.09
463 548 527 1 18.38
464 17823 548 1 4.92
465 549 548 1 6.15
466 17823 549 1 10.47
467 527 550 1 2.52
468 551 508 1 10.67
469 549 17827 1 4.75
480 17827 566 1 0.57
481 17827 17826 1 9.08
482 567 551 1 8.56
483 567 568 1 4.63
484 548 569 1 4.39
485 549 570 1 4.44
486 570 569 1 6.14
487 17856 17827 1 18.15
488 551 17856 1 5.86
509 591 567 1 2.78
510 591 17857 1 2.53
511 569 17824 1 3.37
512 17857 17856 1 7.97
533 17858 610 1 7.99
561 628 591 1 6.82
562 628 17858 1 3.22
563 17825 17827 1 10.33
564 17828 17827 1 10.29
565 17856 631 1 7.88
584 645 628 1 3.08
585 645 17859 1 12.97
610 17825 17830 1 13.33
611 17830 17828 1 8.92
612 17830 631 1 11.43
613 17825 17829 1 10.82
633 690 645 1 10.72
634 17863 690 1 2.71
659 710 690 1 5.09
660 711 15243 1 5.76
661 15243 713 1 5.73
684 711 728 1 9.04
685 17864 17863 1 11.84
686 728 17864 1 1.97
687 17860 710 1 15.15
708 17829 17831 1 13.38
709 750 728 1 6.84
734 765 766 1 16.87
735 17831 766 1 3.66
760 17832 17830 1 19.11
761 17860 17832 1 13.53
762 766 17832 1 11.19
763 17822 765 1 9.11
764 17862 17863 1 16.85
765 17862 17864 1 15.96
766 777 17822 1 24.6
780 17832 17861 1 13.23
806 17835 777 1 12.59
807 17861 825 1 5.26
808 825 17862 1 15.3
831 17868 825 1 1.63
832 845 17866 1 10.12
833 845 750 1 19.75
834 17862 17869 1 8.51
855 17885 862 1 3.9
856 17822 863 1 23.74
881 17866 880 1 15.28
882 863 17835 1 15.14
883 881 711 1 28.58
884 882 17885 1 4.01
905 882 881 1 0.37
906 880 882 1 6.31
907 896 17868 1 12.82
930 17869 17873 1 12.1
931 17873 845 1 19.1
932 880 910 1 9.37
933 17870 17868 1 19.19
934 926 882 1 9.34
935 913 863 1 24.49
936 914 17873 1 10.45
937 17870 914 1 11.58
938 915 17870 1 3.82
958 17871 915 1 9.11
959 925 926 1 14.88
983 17843 913 1 19.61
984 938 17843 1 2.9
985 938 896 1 54.64
1005 46 16951 1 3.55
1033 17835 17834 1 47.25
1034 17834 17836 1 23.68
1059 17872 17871 1 17.96
1060 17874 914 1 36.53
1061 16951 16950 1 28.12
1084 17886 926 1 29.78
1112 17836 17842 1 15.57
1113 17842 938 1 30.14
1114 994 995 1 4.96
1115 996 17886 1 5.28
1135 996 994 1 8.35
1136 996 995 1 3.63
1137 999 17834 1 18.74
1138 48 938 1 24.29
1159 55 999 1 5.47
1160 1007 55 1 5.4
1183 1014 43 1 9.73
1184 1015 17844 1 14.08
1185 1014 17839 1 13.89
1186 48 1017 1 22.63
1187 17839 1007 1 26.11
1201 1017 1014 1 6.93
1202 17874 1019 1 34.09
1204 17878 1022 1 3.24
1226 17878 1019 1 9.13
1227 16943 1030 1 30.31
1228 17852 1015 1 10.13
1229 1030 16945 1 2.6
1245 17876 17872 1 29.83
1246 1019 17876 1 16.56
1248 17879 17878 1 4.2
1249 45 16952 1 32.05
1268 17888 996 1 21.49
1269 17888 17879 1 12.96
1283 17844 112 1 19.64
1284 112 17852 1 14.8
1285 1061 1062 1 1.19
1286 1061 45 1 20.46
1287 16952 1063 1 8.79
1288 116 16950 1 46.31
1289 1063 116 1 2.89
1290 16947 1030 1 18.13
1291 17889 17888 1 7.13
1296 16953 1061 1 5.29
1297 1070 17889 1 3.01
1299 17877 17876 1 13.5
1302 111 1070 1 2.43
1303 1073 112 1 11.3
1304 1073 17846 1 12.57
1305 17877 17880 1 20.78
1306 17880 17889 1 17.44
1308 1077 16944 1 15.09
1309 17845 1017 1 30.57
1312 17891 17883 1 12.25
1314 16955 16953 1 13.09
1315 1007 17838 1 35.15
1317 16945 1088 1 48.42
1320 1091 1077 1 17.69
1321 1092 1091 1 15.52
1322 17838 1093 1 4.36
1323 1094 17853 1 8.12
1329 16955 1093 1 27.54
1330 1089 16917 1 7.59
1331 17850 1073 1 29.73
1332 17881 17877 1 21.74
1333 17840 17847 1 4.97
1334 17850 17845 1 18.05
1335 1094 17850 1 18.52
1336 17847 17850 1 19.05
1337 16918 16920 1 1.98
1339 17853 17854 1 11.74
1340 17854 1094 1 10.77
1341 1108 1091 1 9.07
1342 1108 16946 1 2.5
1343 17875 17881 1 46.18
1344 1109 1106 1 2.7
1345 16948 1110 1 16.63
1346 1110 1108 1 12.91
1347 16920 16923 1 22.52
1348 1077 16923 1 30.67
1349 1112 16918 1 8.5
1350 17838 17841 1 30.93
1351 16919 1112 1 5.24
1352 16917 1115 1 12.77
1353 1115 16919 1 6.08
1354 16925 16923 1 3.47
1355 1110 16949 1 12.28
1356 141 17854 1 9.97
1357 16946 1118 1 16.6
1359 1115 1120 1 3.2
1360 1121 16955 1 19.75
1361 150 16925 1 2.6
1362 1122 1120 1 1.75
1363 1123 1063 1 39.99
1364 17851 17850 1 11.52
1366 1126 1093 1 15.69
1367 17892 1106 1 16.82
1368 1127 1121 1 3.29
1369 1127 1123 1 15.73
1370 17841 17848 1 10.6
1371 17848 17840 1 13.53
1372 1123 16949 1 40.63
1373 1129 1130 1 1.18
1374 1126 1127 1 33.93
1375 16954 1123 1 3.02
1376 1131 17848 1 2.14
1378 16954 1134 1 0.78
1379 17855 141 1 12.02
1380 17884 17881 1 20.24
1381 17884 17949 1 7.65
1382 17884 17882 1 9.81
1383 17018 1127 1 4.42
1384 16979 150 1 10.42
1385 1131 17896 1 16.45
1386 17896 1141 1 2.2
1387 1141 1126 1 22.42
1388 17849 1131 1 10.53
1389 17949 17961 1 16.56
1390 17961 1109 1 16.36
1391 143 1122 1 12.77
1392 143 16925 1 36.18
1393 17905 17849 1 5.2
1394 17906 17849 1 4.67
1395 17906 17851 1 12.43
1396 1122 16964 1 15.06
1397 17882 151 1 7.97
1398 17884 151 1 8.16
1399 16981 16979 1 11.37
1400 143 16964 1 12.13
1401 1129 1148 1 23.13
1402 16964 1148 1 10.05
1403 17904 17905 1 6.92
1404 1118 16981 1 25.57
1405 17911 17855 1 24.11
1406 157 16976 1 8.69
1407 1151 17961 1 8.37
1408 1152 17906 1 12.98
1409 1152 17911 1 1.67
1410 16961 1148 1 4.85
1411 17964 1151 1 6.11
1412 16957 1129 1 17.49
1413 1148 16957 1 26.05
1414 142 157 1 13.97
1415 1156 16981 1 14.46
1416 1156 149 1 11.85
1417 16982 16981 1 10.38
1418 16957 1158 1 3.85
1419 17893 17895 1 11.75
1420 17895 1141 1 15.5
1421 17895 17904 1 22.86
1422 17002 144 1 8.47
1423 17002 17007 1 31.96
1424 1163 17942 1 22.3
1425 1163 152 1 10.54
1427 16723 16687 1 53.25
1428 1163 17948 1 0.65
1429 16976 1167 1 15.0
1430 1167 1156 1 7.28
1432 16762 16761 1 28.79
1433 16761 1170 1 5.1
1434 16999 16982 1 11.2
1435 1158 1172 1 23.97
1437 1163 17947 1 6.93
1438 16731 16755 1 17.5
1439 16999 17002 1 13.16
1440 1172 16761 1 16.53
1442 1178 1152 1 13.86
1443 1167 1179 1 2.65
1444 16732 16731 1 2.08
1445 1181 16954 1 27.46
1446 16962 16961 1 13.53
1447 16754 16755 1 13.45
1448 1170 16754 1 23.35
1449 1184 1177 1 1.46
1450 16731 16729 1 17.58
1451 16958 1158 1 11.27
1452 1179 16978 1 1.07
1453 1172 16763 1 6.71
1454 1184 16726 1 4.11
1455 1190 16949 1 34.3
1456 16754 16732 1 15.06
1457 16729 1177 1 9.36
1458 16726 16723 1 17.99
1459 1178 17912 1 3.98
1460 16963 16962 1 9.24
1461 16689 16687 1 20.51
1462 17912 1194 1 8.15
1463 1194 17907 1 4.29
1464 17008 1197 1 3.41
1465 1190 17008 1 4.23
1466 1198 17895 1 23.61
1467 17002 1199 1 16.73
1468 17004 1199 1 1.48
1469 1201 16689 1 10.08
1470 1201 16723 1 21.48
1471 17004 1202 1 1.15
1472 16999 16983 1 11.39
1473 16764 16761 1 11.08
1474 1205 17962 1 3.03
1475 1205 17965 1 13.72
1476 16984 16978 1 13.92
1477 16984 16982 1 18.33
1478 17008 1199 1 24.48
1479 1205 17966 1 1.3
1480 16693 1201 1 2.71
1481 1210 17018 1 37.36
1482 1210 1198 1 33.41
1483 17907 1211 1 8.7
1484 17895 17897 1 17.08
1485 1211 17909 1 5.06
1486 16975 16963 1 28.6
1487 1215 16731 1 13.17
1488 1215 16734 1 5.29
1489 1217 16693 1 2.4
1490 16978 1218 1 27.44
1491 1218 16975 1 6.95
1492 16983 16984 1 16.81
1493 17019 1210 1 3.81
1494 1194 17910 1 12.47
1495 16983 17003 1 17.64
1496 17003 1202 1 10.0
1497 16767 16764 1 13.96
1498 17914 1178 1 30.21
1499 1198 17894 1 10.21
1500 1225 1163 1 30.01
1501 1225 1205 1 9.88
1502 16691 16690 1 4.39
1503 1228 1163 1 24.76
1504 17950 1228 1 1.57
1505 17017 1190 1 29.29
1506 17017 1181 1 19.54
1507 17915 17914 1 3.1
1508 16736 1215 1 7.93
1509 17947 17946 1 19.86
1510 17005 17003 1 11.34
1511 1235 17005 1 4.1
1512 1236 1225 1 2.44
1513 1237 17950 1 1.8
1514 1238 17019 1 6.41
1515 16760 16764 1 12.72
1516 1240 17966 1 9.54
1517 1225 1240 1 4.91
1518 1211 17908 1 13.91
1519 17908 17897 1 23.47
1520 1242 1218 1 10.96
1521 1243 17017 1 5.95
1522 16985 1235 1 4.09
1523 17967 1240 1 1.5
1524 17967 1236 1 5.27
1525 1246 17946 1 3.54
1526 17951 1228 1 15.65
1527 17009 17004 1 17.57
1528 1249 1217 1 10.44
1529 16764 16756 1 32.57
1530 17946 17950 1 13.01
1531 16729 22177 1 21.36
1532 17017 1238 1 27.57
1533 1252 1236 1 3.37
1534 1252 17967 1 5.83
1535 16733 1184 1 24.75
1536 1254 16767 1 14.48
1537 16959 16958 1 30.2
1538 17943 17914 1 17.16
1539 16756 16759 1 5.27
1540 16959 1254 1 3.34
1541 17908 17899 1 5.82
1542 16965 16962 1 27.31
1543 1260 1261 1 2.96
1544 1218 16967 1 23.68
1545 1252 17951 1 13.19
1546 1246 1260 1 8.63
1547 1261 17943 1 11.37
1548 1242 1263 1 5.56
1549 1264 1260 1 3.52
1550 16767 16766 1 11.33
1551 1237 1264 1 16.04
1552 1266 1237 1 16.61
1553 1266 1267 1 2.4
1554 16965 16959 1 23.79
1555 1235 17006 1 7.21
1556 16756 16738 1 10.08
1557 16967 16965 1 19.06
1558 16738 16736 1 9.34
1559 1270 1252 1 5.95
1560 17968 1270 1 7.38
1561 16694 16691 1 11.49
1562 17943 1273 1 6.48
1563 1274 1266 1 8.55
1564 1270 1274 1 2.45
1565 1273 17915 1 16.97
1566 16695 1249 1 9.03
1567 16738 1276 1 4.06
1568 1277 16984 1 20.82
1569 17944 1273 1 2.21
1570 1277 16985 1 16.96
1571 1279 16760 1 16.77
1572 16759 1280 1 10.02
1573 1279 1280 1 14.16
1574 1281 16694 1 6.72
1575 1281 16695 1 2.11
1576 1282 16733 1 10.5
1577 1276 1282 1 19.9
1578 16766 16776 1 32.8
1579 17970 1270 1 6.79
1580 1285 17009 1 15.11
1581 1286 1282 1 3.18
1582 17916 17944 1 13.05
1583 16966 16967 1 11.23
1584 16737 1276 1 8.48
1585 1285 17010 1 1.56
1586 17010 1243 1 30.48
1587 17006 1291 1 14.97
1588 1292 1238 1 21.2
1589 17970 1293 1 10.34
1590 1291 1294 1 5.22
1591 17894 17898 1 26.33
1592 1294 1285 1 19.98
1593 16735 1286 1 3.39
1594 1297 1273 1 10.49
1595 1298 1281 1 6.24
1596 16728 1298 1 21.96
1597 1280 16758 1 7.54
1598 1286 16728 1 19.0
1599 16771 1279 1 9.85
1600 17945 17944 1 9.71
1601 16737 16749 1 11.54
1602 1297 17945 1 6.23
1603 17952 1261 1 19.82
1604 1254 16968 1 19.23
1605 16748 16737 1 5.85
1606 16697 16692 1 12.64
1607 1298 16697 1 4.38
1608 17952 1297 1 9.69
1609 17910 17917 1 36.07
1610 17957 1274 1 25.18
1611 17917 17916 1 22.82
1612 16758 16769 1 5.7
1613 1312 16968 1 5.08
1614 1313 1242 1 34.35
1615 1313 1277 1 14.84
1616 16745 16735 1 7.2
1617 16741 16735 1 11.56
1618 16253 17917 1 28.89
1619 1312 16969 1 5.88
1620 1318 16747 1 3.74
1621 16748 1318 1 5.34
1622 1320 1313 1 1.89
1623 1320 1291 1 33.86
1624 16740 16728 1 18.45
1625 16740 16741 1 5.85
1626 1322 1312 1 3.13
1627 16769 16768 1 9.99
1628 1318 16750 1 4.43
1629 16770 16771 1 15.81
1630 17971 17970 1 17.11
1631 1327 1264 1 25.95
1632 1327 17957 1 13.94
1633 16768 16770 1 12.63
1634 16779 16778 1 23.48
1635 16779 16968 1 14.44
1636 17010 1330 1 17.44
1637 16746 16745 1 9.46
1638 1332 17971 1 4.7
1639 1243 17020 1 33.75
1640 17020 1292 1 41.8
1641 1332 17958 1 5.46
1642 16697 16696 1 19.64
1644 16696 1337 1 6.25
1646 1339 1322 1 9.24
1647 1339 16779 1 11.94
1648 1327 17956 1 5.31
1649 1298 16739 1 18.45
1650 1330 17013 1 16.22
1651 16970 1339 1 4.6
1652 16739 1344 1 4.77
1653 17958 17956 1 27.9
1654 1345 1330 1 22.1
1655 16780 16779 1 13.61
1656 16740 16742 1 17.5
1657 16742 1344 1 20.65
1658 1348 16253 1 28.58
1660 1350 1332 1 15.15
1661 16771 16781 1 34.64
1663 17953 17952 1 33.44
1664 17956 17959 1 16.48
1665 1355 17953 1 4.12
1666 17013 17012 1 13.1
1667 17959 1355 1 4.25
1668 16781 16780 1 14.94
1669 1358 17959 1 4.34
1670 1359 1345 1 14.72
1671 1359 17020 1 18.2
1672 1360 16970 1 16.89
1673 1344 16702 1 13.76
1674 1362 1348 1 12.0
1675 16774 16770 1 28.05
1676 1364 16742 1 14.26
1677 16702 16701 1 11.43
1678 1366 1358 1 16.07
1679 1366 1332 1 25.39
1680 1367 17898 1 56.9
1681 1367 1362 1 25.41
1683 1369 16752 1 4.87
1684 17953 17954 1 20.08
1686 1373 1366 1 3.73
1687 1355 17955 1 8.92
1690 16735 16751 1 42.89
1691 16750 16751 1 33.86
1692 16751 1378 1 0.72
1693 17902 1367 1 6.56
1694 1378 1369 1 12.22
1695 16751 1364 1 17.55
1698 16702 16703 1 8.95
1699 17901 1292 1 51.73
1700 1369 1383 1 12.9
1701 1383 16774 1 8.14
1702 17902 17901 1 6.09
1703 17972 1373 1 8.7
1704 1385 17974 1 14.17
1705 1385 17972 1 2.33
1708 1364 16743 1 11.28
1711 16773 16781 1 33.87
1712 17903 1362 1 13.83
1713 1391 1373 1 14.13
1714 17954 1392 1 25.03
1715 1391 1393 1 0.93
1716 17960 1391 1 1.11
1717 1395 1366 1 18.92
1718 1395 1391 1 4.27
1719 1396 1345 1 43.94
1720 16703 1397 1 12.28
1721 1398 17012 1 33.21
1722 1399 1358 1 23.18
1723 1395 1399 1 3.79
1724 1396 1398 1 12.38
1725 1392 1400 1 4.21
1726 1401 1396 1 19.56
1727 1402 17902 1 30.15
1728 1402 17903 1 8.33
1729 1403 16253 1 61.34
1737 1398 17015 1 6.74
1738 16743 1411 1 15.11
1740 1412 1401 1 25.31
1741 1359 1412 1 37.42
1742 17022 1412 1 4.8
1743 17918 1403 1 4.29
1744 1392 1415 1 11.3
1745 1416 1385 1 18.91
1746 1415 17918 1 6.16
1747 1401 17021 1 7.34
1748 1416 17973 1 3.86
1749 17919 1415 1 8.41
1758 1426 17960 1 11.52
1762 1428 1395 1 10.85
1763 1426 1428 1 1.17
1766 17973 1431 1 14.99
1767 1432 1428 1 0.36
1771 17031 1412 1 15.11
1772 17031 17901 1 34.64
1773 17975 17919 1 15.46
1775 1439 1402 1 11.22
1779 1441 17031 1 10.72
1784 1428 17975 1 39.68
1785 1439 1441 1 42.51
1786 17919 1446 1 7.98
1792 1449 1439 1 7.75
1793 1403 1449 1 37.39
1794 17987 1451 1 9.11
1796 17031 17920 1 15.2
1797 1441 17920 1 7.91
1799 1455 17922 1 2.5
1800 1455 1449 1 4.48
1801 17920 1457 1 2.23
1820 17977 1432 1 21.05
1824 17977 1476 1 11.77
1825 1476 17987 1 22.7
1831 1476 1481 1 5.13
19649 17835 15232 1 25.57
19650 17831 15233 1 17.89
19662 16953 15247 1 21.64
19664 15250 15251 1 13.96
19665 15252 15253 1 16.64
19667 15251 15252 1 17.54
19668 15252 16253 1 26.18
19674 15266 16687 1 30.05
29648042 16698 16739 1 0.77
29648069 16725 16726 1 7.18
29648071 16727 16728 1 2.03
29648097 16753 16755 1 0.92
29648101 16757 16759 1 0.44
29648109 16765 16766 1 9.02
29648116 16772 16774 1 0.91
29648121 16777 16781 1 4.94
29648268 16924 16925 1 0.96
29648270 16926 16981 1 10.33
29648300 16956 17018 1 0.31
29648304 16960 16965 1 8.34
29648321 16977 16978 1 10.38
29648324 16980 16981 1 3.47
29648345 17001 17002 1 0.87
29649155 17811 17812 1 7.27
29649181 17837 17838 1 11.7
29649211 17867 17868 1 11.63
29649244 17900 17901 1 11.16
29649257 17913 17914 1 10.1
29649307 17963 17964 1 0.69
29649313 17969 17970 1 3.31
29653425 17965 1151 1 8.42
29653426 16975 142 1 24.02
