219 282 74
20745
20746
20747
20748
20749
20753
20772
20789
20790
20791
20792
20793
20794
20795
20796
20797
20798
20799
20800
20801
20802
20803
20804
20805
20806
20807
20808
20809
20810
20811
20812
20813
20814
20815
20816
20817
20818
20819
20820
20821
20822
20823
20824
20825
20826
20827
20828
20829
20830
20831
20832
20833
20834
20836
20844
20845
20846
20847
20848
20849
20850
20851
20853
20854
20855
20856
20857
20858
20859
20860
20894
20895
20896
20898
11870 9259 20796 1 1.98
11872 9263 9259 1 2.73
11874 20748 20791 1 21.19
11875 9268 20791 1 9.84
11883 9281 9282 1 2.25
11884 9283 9281 1 1.12
11885 20798 9285 1 3.43
11888 9281 9289 1 6.01
11890 9289 9292 1 1.88
11892 9295 9285 1 11.06
11893 9296 9295 1 18.22
13703 20790 10634 1 2.4
13772 20789 20745 1 16.13
13773 20790 20789 1 24.0
13775 20745 20746 1 14.11
13784 20795 20790 1 21.12
13785 20795 10693 1 8.71
13793 9268 20789 1 8.76
13808 10708 9268 1 15.77
13815 10713 10714 1 15.77
13820 9259 10708 1 4.79
13821 9259 20795 1 8.23
13825 20746 20748 1 12.26
13826 20789 20748 1 20.25
13827 10720 10713 1 3.73
13841 10730 9263 1 4.61
13849 10736 10720 1 10.9
13857 10743 10742 1 0.61
13859 20791 10745 1 10.01
13860 10745 20792 1 0.81
13863 10749 10730 1 5.11
13864 10749 10720 1 19.7
13866 20747 10743 1 1.78
13872 10755 20747 1 2.2
13873 10755 10743 1 4.04
13874 20748 10755 1 27.15
13875 10745 10755 1 34.31
13887 10763 20794 1 4.67
13888 20794 10745 1 8.09
13890 20794 20791 1 13.38
13891 20794 9263 1 25.52
13903 20794 10774 1 17.35
13904 10774 10730 1 12.33
13905 10775 10736 1 8.75
13915 10745 10781 1 10.07
13916 10781 10763 1 7.96
13917 10782 10783 1 2.67
13918 10755 10784 1 19.11
13929 20793 10781 1 5.37
13932 10784 20793 1 11.54
13941 10799 10782 1 9.59
13947 10783 10804 1 9.07
13948 10805 10774 1 14.52
13949 10805 10749 1 17.59
13952 10807 10784 1 7.92
13953 10808 20747 1 17.37
13954 10809 20797 1 0.78
13955 10809 10774 1 10.97
13956 10805 10809 1 11.71
13958 10812 10805 1 5.3
13959 10812 10736 1 24.63
13970 20805 10805 1 9.7
13971 20805 10812 1 3.86
13974 10826 10804 1 7.05
13975 10826 10799 1 7.04
13978 10828 20794 1 19.88
13979 10828 10809 1 10.03
13981 10831 10808 1 6.26
13982 9296 10809 1 11.56
13983 20805 9296 1 10.85
14002 10844 20805 1 11.3
14003 10844 20811 1 7.63
14006 10848 10807 1 14.84
14007 10849 10826 1 8.38
14008 9282 20811 1 17.47
14009 20793 20798 1 20.05
14010 20798 10828 1 14.96
14014 20798 10853 1 1.39
14015 10831 10854 1 16.99
14016 10854 10848 1 1.48
14019 20815 10857 1 3.86
14020 9292 10844 1 9.45
14021 9283 20814 1 0.74
14022 9283 10849 1 2.59
14024 9289 10860 1 2.29
14035 10868 10860 1 3.58
14036 10868 20813 1 1.21
14043 10876 20815 1 12.66
14056 10886 10868 1 4.15
14058 10868 20812 1 6.89
14059 10886 20812 1 2.85
14061 10860 10889 1 18.07
14070 10897 20799 1 3.44
14071 9285 10897 1 17.71
14072 20812 10899 1 4.37
14073 10899 10886 1 3.93
14074 10900 10854 1 15.54
14077 10904 10889 1 6.08
14078 10904 20812 1 9.09
14079 10889 20806 1 7.64
14080 10904 20806 1 10.71
14081 10906 20816 1 3.56
14082 10876 10906 1 15.76
14094 10897 20802 1 7.18
14102 20753 10900 1 13.04
14103 20798 20753 1 26.72
14104 20821 10899 1 8.09
14107 10904 20817 1 6.14
14108 10899 20817 1 7.93
14111 10931 20821 1 1.14
14112 10906 10931 1 4.58
14113 10932 20821 1 1.17
14125 20821 10942 1 2.34
14126 20749 10831 1 33.51
14127 10900 20749 1 32.64
14128 10944 10931 1 6.15
14130 10946 20802 1 8.18
14131 20806 10946 1 17.86
14132 20822 10931 1 5.12
14133 10944 20822 1 1.45
14134 20823 10944 1 5.72
14140 10946 20807 1 1.2
14145 20817 20819 1 8.21
14146 10932 20819 1 8.17
14157 20803 20802 1 9.89
14159 10968 20822 1 4.32
14161 20817 20809 1 18.57
14166 10968 20824 1 4.57
14167 20824 20823 1 5.32
14168 20819 20818 1 6.82
14176 10979 20807 1 10.34
14177 20809 10979 1 7.98
14187 10987 20826 1 16.37
14191 10991 10987 1 3.23
14192 20801 20803 1 16.28
14194 20819 20820 1 9.53
14195 20820 10968 1 11.67
14200 20807 20804 1 10.82
14203 11001 10968 1 9.99
14205 20827 10987 1 3.68
14209 11006 11001 1 1.24
14210 11006 20827 1 2.88
14214 20810 10979 1 7.1
14215 11010 20801 1 5.67
14216 20800 20753 1 21.6
14217 20800 20801 1 7.42
14221 11015 20810 1 3.99
14223 11017 11010 1 2.23
14229 11023 11024 1 10.22
14230 11017 11023 1 1.24
14233 20804 20808 1 9.04
14234 20808 11015 1 8.08
14235 20804 11017 1 20.63
14242 20825 20820 1 15.15
14243 11001 20825 1 15.83
14245 11015 20844 1 21.43
14246 20844 20820 1 16.37
14252 11039 11006 1 13.16
14255 11039 20825 1 11.97
14256 20844 20825 1 17.66
14261 11044 20894 1 2.63
14262 11046 20808 1 9.71
14265 11049 11044 1 12.17
14268 11046 11053 1 6.18
14272 11049 11057 1 3.11
14273 11057 11058 1 3.99
14277 20898 11049 1 3.12
14280 11057 11063 1 2.95
14282 11039 20853 1 6.56
14296 20830 11046 1 6.16
14297 20844 11076 1 11.22
14298 11077 11039 1 10.17
14301 20853 11080 1 4.13
14302 11077 11080 1 2.15
14304 11082 11077 1 0.99
14305 20830 20831 1 6.06
14310 11080 11086 1 2.73
14311 11086 11082 1 1.21
14312 11087 20898 1 8.71
14322 11094 20894 1 16.08
14331 11076 20845 1 5.58
14334 20854 11086 1 3.25
14335 11105 11094 1 6.81
14336 11087 11105 1 13.09
14337 11106 20857 1 0.66
14338 11086 11106 1 15.3
14339 11106 11094 1 5.93
14349 20896 11087 1 6.64
14350 20896 11105 1 13.01
14351 20896 11116 1 0.43
14355 11120 20854 1 5.42
14356 11120 11086 1 7.96
14357 11120 20855 1 3.05
14358 11122 20896 1 1.39
14362 11106 11126 1 5.47
14366 20896 20895 1 4.88
14374 11137 20847 1 5.69
14375 20853 20847 1 20.05
14376 11080 20847 1 15.3
14382 11143 11120 1 5.37
14383 11126 11143 1 6.28
14388 11147 20832 1 0.49
14389 11076 11147 1 19.5
14393 20847 20856 1 15.59
14394 20856 11143 1 1.73
14396 11153 11147 1 2.33
14411 11165 11143 1 5.35
14418 20846 11137 1 17.01
14419 20846 11153 1 11.92
14424 20833 20830 1 22.16
14425 20833 11147 1 12.77
14426 11175 11165 1 2.55
14427 11105 11175 1 23.2
14429 11175 20860 1 2.02
14436 11181 20833 1 10.55
14437 11153 11181 1 5.89
14439 11182 20859 1 3.52
14440 20860 11182 1 2.97
14441 11184 20828 1 19.75
14442 20833 11184 1 27.28
14470 20849 20847 1 18.26
14476 11212 20849 1 4.74
14477 11212 20858 1 0.26
14478 11212 11182 1 10.26
14481 20846 20848 1 16.7
14500 20848 11232 1 5.06
14502 20850 11232 1 3.59
14503 20849 20850 1 12.51
14504 11181 11234 1 15.04
14520 20850 11246 1 12.7
14521 20829 20833 1 28.47
14538 11260 20829 1 2.47
14546 11266 11260 1 1.95
14549 11268 11260 1 15.92
14553 11232 20851 1 15.01
14566 11284 11234 1 18.32
14578 11284 20851 1 13.56
14580 11293 11266 1 5.82
14591 11301 11266 1 10.15
14593 20836 11284 1 11.5
14598 11309 11268 1 12.83
14599 20836 11309 1 6.56
14605 11315 11293 1 15.08
14606 11309 11315 1 8.11
14632 11335 11293 1 16.01
14633 11315 11335 1 10.17
14637 20834 11301 1 14.1
14640 11342 11343 1 6.9
14644 20834 11342 1 23.86
14659 21983 11335 1 8.45
14684 11379 20834 1 11.94
14697 11389 11342 1 12.43
14708 11389 11399 1 5.77
14709 11399 20834 1 19.58
14710 11379 11399 1 20.98
14727 20772 11399 1 2.21
14730 11416 11389 1 12.26
19900 15598 11184 1 17.25
19901 15599 15600 1 17.11
19904 15604 15605 1 9.41
19905 15605 15600 1 17.46
19906 15606 15598 1 14.76
19907 15607 15601 1 15.33
19908 15604 15606 1 16.18
19909 15608 15604 1 10.98
19910 15609 15604 1 7.49
19911 20800 15610 1 21.97
19912 15610 15601 1 0.67
19913 15611 15610 1 11.42
19991 11023 20828 1 22.99
19994 15734 15735 1 16.24
19995 11184 15735 1 5.88
19997 15738 15739 1 18.58
20012 15761 15762 1 11.28
20018 15773 15734 1 8.73
20028 15735 15786 1 18.87
20031 15773 15607 1 3.19
20040 15739 15761 1 32.67
20048 15799 11184 1 20.28
20049 15786 15799 1 21.62
20050 15786 15739 1 7.33
29647604 20818 15733 1 21.18
