1458 1861 151
18295
18499
17402
18075
18222
17396
17348
18690
18137
18117
18202
18246
18247
18611
18134
18124
18345
18203
18249
18361
17385
18032
17354
18389
18472
18600
17358
17490
17480
18374
17451
18426
18427
18688
18211
17492
18168
18798
17477
18218
18320
17418
18722
18060
18342
18148
17362
18069
18242
18259
18192
18727
18277
18057
18235
18502
18485
18053
18034
18266
17325
18234
18254
17197
18167
18686
18440
18326
18105
18228
18395
18691
18047
18244
18518
18231
18602
18325
18321
18226
18188
18480
18085
17479
18402
18387
18428
17346
18154
18030
18267
18152
17382
18725
18173
18290
18139
18608
18372
18213
18479
18193
18597
18336
18609
18223
17425
18699
18217
18410
18388
17391
18324
18594
18045
18074
18072
18461
18224
18054
18432
18592
18239
18268
18383
17488
18122
18530
18306
17390
18130
18463
18138
17471
18120
18616
18043
18724
18357
18100
18700
18046
18142
18158
18082
18433
18150
17356
17386
18378
17345
115 181 18254 1 6.42
116 181 183 1 3.06
117 184 18218 1 6.95
118 186 184 1 2.66
121 186 191 1 12.39
2199 1739 1756 1 14.61
2211 1766 1749 1 16.45
2213 1768 1762 1 3.72
2221 1773 1768 1 2.39
2224 1756 1776 1 17.78
2225 1776 1773 1 0.35
2231 1780 1776 1 1.65
2232 1776 1781 1 1.1
2233 1781 1768 1 3.38
2235 1783 1776 1 4.12
2243 1790 1783 1 7.64
2254 1781 1797 1 22.93
2262 1766 18046 1 30.51
2266 1781 18205 1 26.36
2267 1797 18205 1 14.87
2279 18205 1816 1 1.69
2281 18203 18202 1 13.69
2282 18203 1783 1 25.19
2283 1816 18203 1 12.67
2307 1846 18203 1 10.69
2308 1816 1846 1 8.03
2372 18047 1901 1 27.82
2380 1908 18042 1 12.54
2387 18043 1908 1 0.96
2388 18203 18206 1 25.54
2389 18206 1901 1 37.26
2390 18047 1908 1 32.53
2392 18039 18043 1 33.17
2394 18208 1846 1 17.95
2423 18206 18207 1 29.34
2424 18208 18207 1 19.17
2430 18207 1944 1 1.72
2434 1947 18208 1 30.85
2437 1947 18211 1 1.34
2440 1953 1947 1 12.45
2449 18212 1953 1 6.66
2457 1944 18211 1 42.5
2462 1968 18213 1 16.62
2463 1968 1970 1 17.34
2464 1968 18212 1 9.77
2465 18213 18244 1 4.45
2467 1971 18245 1 7.5
2481 18043 18045 1 45.63
2485 1944 1987 1 24.07
2494 18043 18048 1 58.38
2497 18045 18048 1 29.35
2498 18246 1971 1 19.7
2503 2002 1968 1 15.44
2517 18023 2015 1 2.01
2518 18057 2017 1 9.03
2533 2038 18023 1 10.65
2534 2038 21869 1 7.93
2545 18276 18246 1 20.22
2550 18041 2038 1 9.58
2565 1987 2072 1 30.65
2594 2095 18041 1 6.35
2595 2096 2095 1 8.79
2596 2038 2095 1 12.18
2603 2100 18276 1 13.18
2610 18058 18048 1 33.62
2611 18058 18057 1 10.06
2625 2114 18058 1 4.05
2628 2115 2114 1 3.27
2630 2117 2002 1 31.31
2631 18044 18055 1 2.89
2632 2120 2117 1 0.95
2634 18045 18050 1 35.97
2635 18050 18044 1 3.28
2636 18050 18041 1 31.4
2637 18211 18230 1 58.5
2653 18247 2141 1 10.03
2654 18247 2120 1 15.1
2660 18055 2115 1 50.55
2663 2149 2096 1 17.32
2664 2149 18050 1 18.81
2674 2157 2100 1 16.37
2688 2072 2167 1 20.82
2690 18023 2169 1 27.96
2691 2157 2170 1 4.0
2692 2170 2154 1 4.28
2694 2171 2157 1 17.74
2696 2173 18058 1 31.78
2697 18214 2167 1 1.64
2698 18214 2175 1 1.27
2700 2167 2173 1 14.17
2701 2170 18278 1 2.52
2710 2171 2184 1 7.89
2711 2184 2170 1 13.97
2712 2169 18024 1 3.69
2713 18049 2169 1 23.51
2714 2095 18049 1 20.13
2716 2188 2149 1 10.73
2717 18049 2188 1 1.6
2726 2193 2194 1 7.53
2727 2195 2193 1 4.76
2728 2196 2197 1 14.18
2731 18250 2196 1 1.64
2732 18250 2195 1 1.65
2734 2195 2194 1 9.21
2735 2198 2202 1 3.35
2741 2207 22140 1 6.33
2742 2207 18250 1 1.75
2744 2210 2207 1 0.84
2745 18250 2210 1 2.09
2748 18215 2213 1 3.02
2754 2202 2219 1 6.24
2757 2175 18215 1 32.02
2760 18278 2224 1 14.74
2770 2233 2184 1 10.55
2771 2233 2224 1 3.33
2775 2236 2114 1 34.33
2776 2236 18214 1 19.73
2786 18288 2246 1 11.44
2787 2213 2247 1 32.4
2788 2247 18230 1 31.26
2792 2250 2171 1 15.07
2798 2224 2256 1 12.12
2799 2256 18288 1 1.87
2803 2247 2258 1 1.76
2804 2210 2259 1 9.54
2808 2263 18248 1 16.67
2810 2263 18252 1 4.52
2811 18252 2207 1 11.19
2814 2267 18056 1 16.04
2815 2258 18232 1 3.27
2817 2271 2256 1 2.97
2818 18284 2256 1 2.91
2824 2261 18025 1 7.72
2825 18024 18025 1 20.75
2830 2280 2258 1 3.72
2834 18252 2282 1 6.03
2835 2250 2283 1 9.3
2837 18253 2263 1 4.77
2838 18253 18252 1 4.82
2839 2286 2287 1 3.64
2840 2288 2271 1 5.07
2841 2288 2286 1 13.59
2844 2287 2291 1 8.93
2845 2213 18231 1 19.77
2847 18281 2283 1 4.2
2848 2233 18281 1 13.25
2851 18284 18283 1 6.76
2853 18279 2283 1 1.74
2854 18232 18233 1 21.41
2855 18233 2300 1 17.77
2860 2259 2303 1 11.93
2861 2303 2194 1 21.08
2864 2305 18281 1 6.13
2865 18283 2305 1 7.35
2867 2303 2306 1 2.15
2868 2307 18049 1 31.75
2869 2282 2306 1 10.57
2873 18215 18216 1 24.7
2875 2307 18026 1 2.75
2876 18692 18694 1 24.43
2877 18021 18025 1 12.78
2879 18026 18025 1 21.37
2886 2267 2320 1 42.2
2887 2236 2320 1 20.08
2888 2306 2321 1 4.16
2889 2321 18279 1 12.05
2890 18281 2322 1 7.06
2891 18231 2323 1 15.94
2892 2280 2323 1 12.2
2893 2324 2287 1 10.28
2894 2320 2325 1 2.21
2899 18254 18253 1 15.36
2900 2323 2329 1 0.85
2901 18233 18249 1 24.2
2902 2331 2324 1 1.56
2903 2219 2331 1 35.03
2905 2332 18249 1 3.97
2910 18282 2305 1 7.02
2913 18251 2332 1 8.49
2915 18251 2339 1 2.47
2917 2325 2341 1 3.4
2918 18214 2341 1 33.91
2919 2283 2342 1 11.35
2920 2342 2322 1 3.12
2922 183 2321 1 2.61
2923 2341 186 1 4.78
2924 2325 2344 1 2.08
2927 2329 2347 1 2.36
2933 2352 2322 1 3.2
2934 18282 2352 1 4.79
2935 2353 2286 1 13.22
2936 2267 18061 1 14.71
2937 183 2355 1 10.95
2938 2355 2342 1 1.86
2939 2344 18218 1 2.18
2941 2352 2357 1 3.03
2947 2339 2359 1 20.48
2948 2359 181 1 0.56
2951 2361 18231 1 17.17
2952 2329 2361 1 5.63
2953 18683 2363 1 3.14
2954 2363 2364 1 12.84
2958 2368 2342 1 4.2
2959 2368 2352 1 3.05
2961 191 2369 1 3.41
2962 18216 2369 1 9.45
2966 2372 191 1 1.34
2967 18249 2373 1 8.88
2968 18290 2368 1 1.86
2969 18251 18258 1 6.67
2970 2376 2320 1 16.69
2972 18222 2372 1 2.81
2973 2379 2344 1 8.1
2977 18222 184 1 8.96
2978 2382 2353 1 4.52
2979 18256 18255 1 4.65
2980 2373 18256 1 6.49
2983 18298 2288 1 18.66
2984 2382 18298 1 5.95
2985 2376 2379 1 13.06
2986 2387 2307 1 13.47
2988 2369 2389 1 13.45
2989 18258 2373 1 17.4
2990 2390 2361 1 3.89
2993 18051 18025 1 32.87
2994 18051 2387 1 1.09
2995 18051 2267 1 82.18
2996 18296 18295 1 2.68
2998 2397 2376 1 19.67
2999 18061 2398 1 6.79
3000 2397 2398 1 6.41
3001 2357 2399 1 6.42
3002 2400 18268 1 2.77
3003 18238 2390 1 3.99
3004 2347 18238 1 7.81
3009 18298 18296 1 5.1
3010 18300 2382 1 6.2
3011 2331 18300 1 11.68
3012 2363 18688 1 18.03
3013 18688 2408 1 33.84
3014 18694 2408 1 20.49
3015 18268 2409 1 4.69
3016 2409 2359 1 8.55
3020 18265 2400 1 1.84
3023 18295 2414 1 17.87
3025 18683 18300 1 17.95
3027 18258 18263 1 3.87
3028 2389 2417 1 13.86
3029 2418 181 1 11.57
3030 2418 2355 1 8.5
3031 2418 18290 1 4.57
3032 2418 2399 1 4.57
3033 2399 2419 1 3.3
3034 2414 2419 1 5.06
3036 18258 2421 1 8.01
3037 2421 18265 1 4.69
3039 2409 2423 1 3.38
3040 2390 2417 1 12.46
3042 2423 2418 1 9.98
3043 2418 2425 1 1.17
3045 2417 18234 1 2.25
3046 18264 2421 1 0.78
3047 2409 18264 1 13.68
3048 18264 18263 1 5.55
3052 2433 2418 1 8.13
3053 2433 2419 1 1.86
3057 18239 2437 1 2.13
3058 18238 18239 1 3.93
3059 18256 2438 1 29.82
3060 18298 18297 1 7.21
3063 2438 18238 1 7.95
3065 18218 2442 1 10.6
3066 2397 18062 1 4.36
3067 18297 2444 1 2.37
3070 2398 2448 1 12.57
3072 2444 2414 1 15.62
3073 2389 2450 1 6.91
3074 2372 2450 1 19.91
3078 2454 2455 1 6.27
3079 2437 2455 1 5.07
3081 2448 2457 1 16.08
3085 2460 18300 1 12.73
3086 2419 2461 1 8.75
3091 2450 18224 1 1.94
3092 18224 2466 1 0.7
3093 18234 2466 1 14.25
3094 2467 2433 1 8.58
3095 2461 2467 1 1.29
3097 18291 2433 1 4.94
3100 2471 2467 1 2.19
3102 18051 18031 1 20.32
3108 2461 2477 1 18.77
3109 2477 18297 1 6.67
3110 2457 2478 1 11.78
3113 18266 18264 1 8.36
3115 2483 18300 1 13.61
3116 2477 2483 1 5.47
3118 2423 2485 1 9.61
3119 2452 18699 1 6.34
3120 18699 2487 1 1.6
3125 2491 2460 1 8.23
3130 18052 18051 1 20.82
3132 2491 18684 1 3.01
3137 2502 2471 1 5.84
3142 2506 2423 1 11.31
3143 2471 2507 1 16.37
3144 2477 2507 1 4.23
3145 2507 2483 1 6.71
3151 2455 2512 1 11.93
3152 18263 18257 1 17.49
3155 18062 2514 1 21.1
3161 18299 2507 1 1.23
3162 18685 18688 1 19.24
3163 2455 2520 1 13.03
3164 2512 2520 1 1.82
3165 18031 18030 1 11.68
3166 18259 18266 1 11.41
3168 2511 2524 1 8.51
3169 2524 18030 1 1.35
3170 18059 2478 1 14.18
3171 2457 18059 1 9.94
3172 2408 18689 1 21.0
3173 2527 18052 1 13.34
3176 2478 2527 1 14.79
3178 2530 18030 1 1.29
3179 2483 2531 1 14.66
3184 2535 2520 1 3.51
3185 2535 2512 1 3.01
3193 2540 2491 1 5.4
3200 18217 2379 1 27.9
3206 18269 2506 1 5.83
3209 184 2551 1 27.57
3210 2551 2442 1 29.23
3214 2423 18267 1 27.34
3215 2555 2454 1 20.14
3216 2520 2555 1 19.09
3218 18032 18051 1 24.63
3219 2531 2558 1 17.18
3220 2540 2558 1 9.06
3226 2551 18223 1 4.58
3227 18224 18223 1 22.22
3230 18689 2564 1 8.54
3231 18685 2565 1 7.54
3232 18272 18269 1 3.62
3233 2558 2565 1 9.79
3234 18052 2567 1 10.22
3235 2527 2567 1 12.03
3238 18223 2570 1 3.31
3239 18302 18299 1 12.75
3243 2574 18267 1 4.56
3244 2485 2574 1 15.98
3245 18272 18292 1 17.12
3246 18292 18291 1 20.37
3255 2558 2580 1 3.73
3256 2565 2580 1 7.91
3258 18260 18259 1 17.44
3261 2507 2585 1 33.41
3262 2580 2585 1 4.58
3263 2580 18686 1 0.86
3269 2592 18272 1 4.03
3272 18235 18236 1 5.73
3273 2555 18236 1 16.58
3280 2601 2570 1 9.29
3281 18236 2601 1 6.97
3289 2570 2608 1 5.08
3290 2601 2608 1 6.27
3291 2592 18273 1 2.66
3293 2565 2610 1 11.63
3294 2564 2610 1 11.25
3305 18241 2535 1 15.72
3307 2619 2601 1 8.27
3309 18696 18695 1 20.82
3310 18241 2623 1 5.74
3311 2623 18260 1 14.28
3312 18267 2624 1 11.39
3313 2574 2624 1 8.03
3314 2625 18260 1 5.88
3317 2628 2574 1 6.58
3318 2628 2592 1 6.06
3319 2535 2629 1 13.65
3320 2629 18241 1 0.83
3322 2623 2631 1 5.25
3323 2625 2631 1 9.96
3326 18223 2633 1 12.98
3327 2608 2633 1 14.16
3329 2564 18690 1 9.21
3332 18033 2530 1 16.04
3337 2567 2641 1 28.28
3340 18221 18217 1 18.12
3341 2633 18221 1 19.09
3345 2555 18237 1 12.66
3350 2651 18237 1 5.4
3351 2633 2652 1 3.21
3352 2652 18225 1 1.0
3353 2651 2619 1 11.88
3355 2655 2641 1 4.34
3356 18270 2628 1 5.47
3358 2652 2658 1 1.03
3359 18237 2629 1 22.61
3360 2610 2659 1 13.23
3361 18690 2659 1 3.86
3363 18697 18699 1 53.66
3364 18274 2628 1 6.52
3365 18303 18302 1 16.82
3366 18303 2585 1 18.7
3367 2585 2664 1 17.75
3368 2580 2664 1 16.29
3369 2610 2664 1 11.14
3371 2666 18032 1 15.24
3375 18029 18033 1 20.54
3376 2631 18242 1 11.12
3378 2666 18033 1 12.55
3384 18225 2676 1 16.92
3387 2666 18034 1 1.08
3388 2655 18034 1 4.08
3389 2629 2680 1 6.73
3395 2683 2625 1 15.74
3396 2680 18242 1 5.44
3397 18242 18241 1 9.34
3404 2689 18270 1 6.3
3405 2690 18696 1 13.5
3406 18301 2502 1 27.21
3407 18301 2692 1 1.6
3409 2690 18697 1 18.18
3412 18271 2689 1 2.01
3415 18221 2698 1 20.87
3417 18220 18221 1 6.26
3418 2676 18220 1 2.61
3419 18687 2664 1 3.43
3421 2608 18228 1 13.68
3422 18220 2704 1 1.39
3424 2706 2683 1 4.75
3425 2624 2706 1 12.97
3426 2692 18303 1 25.22
3427 2707 2706 1 1.64
3428 2624 2707 1 12.57
3429 18034 2708 1 2.71
3430 2708 2655 1 7.05
3433 2711 2707 1 1.9
3434 2711 18271 1 2.41
3443 2659 2716 1 8.73
3444 2683 18261 1 9.05
3449 2721 18034 1 6.1
3450 2721 2708 1 3.81
3454 2727 18723 1 5.34
3455 2727 2729 1 5.75
3460 2737 18083 1 9.07
3470 2727 18724 1 0.91
3472 2737 2756 1 0.98
3477 18785 18786 1 19.57
3478 2764 2765 1 7.29
3479 2766 2765 1 14.25
3480 2767 2768 1 7.0
3481 2769 18143 1 5.5
3482 18143 2771 1 2.83
3483 18331 18378 1 8.07
3484 18380 18378 1 18.87
3485 2767 18783 1 6.93
3486 18782 2768 1 1.66
3487 2777 18782 1 1.51
3488 2764 18322 1 6.18
3492 18144 2786 1 1.56
3495 18162 18161 1 6.98
3496 2792 18162 1 23.62
3498 2795 2796 1 13.46
3508 18079 18080 1 4.58
3517 2826 17326 1 10.0
3519 2830 2831 1 27.25
3531 2853 2854 1 30.7
3534 18312 2859 1 31.28
3540 18687 2864 1 13.9
3545 2870 2651 1 18.94
3546 2871 18229 1 0.63
3547 18228 18229 1 8.04
3548 18229 2870 1 1.67
3549 18294 18301 1 12.14
3553 2664 2876 1 20.96
3554 2659 2876 1 11.73
3559 2882 18293 1 1.92
3560 2880 18294 1 3.86
3561 2882 2880 1 3.34
3563 18275 18274 1 13.01
3565 18691 2864 1 7.03
3566 2886 2887 1 0.61
3567 2888 2881 1 1.93
3568 2888 2882 1 1.89
3570 2698 18064 1 10.79
3571 2704 18064 1 15.23
3577 18054 2567 1 30.23
3579 2896 18029 1 16.39
3580 2896 2721 1 11.24
3581 2707 2897 1 9.43
3582 18242 18243 1 11.88
3585 2897 18262 1 2.06
3586 18262 2711 1 9.6
3588 2902 18054 1 1.32
3589 2903 18053 1 9.31
3590 2903 18054 1 4.34
3592 18697 18698 1 23.09
3599 2658 18226 1 16.28
3601 2698 18060 1 27.49
3603 2882 2919 1 3.57
3604 18226 2920 1 0.69
3607 18085 2896 1 12.87
3610 2924 2870 1 14.13
3612 2897 2926 1 4.67
3613 2927 2876 1 10.24
3614 2716 2927 1 12.12
3619 2706 2930 1 17.72
3620 2926 2930 1 5.9
3621 18402 18294 1 14.69
3622 2932 2903 1 17.83
3624 2934 18275 1 8.67
3625 2934 2888 1 13.33
3626 2935 2932 1 3.81
3627 2641 2936 1 28.1
3628 2936 2935 1 0.43
3630 2939 2888 1 6.36
3631 2919 2939 1 2.25
3632 18227 18307 1 1.68
3633 18227 2871 1 13.48
3635 2920 2943 1 2.8
3638 18084 18085 1 9.88
3647 2711 2953 1 18.04
3648 18262 2953 1 13.69
3650 2927 2955 1 6.71
3651 2955 2690 1 21.08
3653 2943 2957 1 11.62
3654 2957 18227 1 3.01
3656 2958 18691 1 13.03
3657 2927 2958 1 2.72
3659 2935 18139 1 2.3
3661 2926 18376 1 3.78
3662 18376 18262 1 7.49
3670 18722 2955 1 1.9
3671 18229 2968 1 11.08
3672 18243 2969 1 11.98
3673 2930 2969 1 9.13
3674 2924 2968 1 14.88
3675 18722 2958 1 6.74
3683 2953 2975 1 2.78
3685 18304 2943 1 5.89
3688 2979 18304 1 2.62
3689 18318 2924 1 8.02
3694 2896 18088 1 9.62
3695 2985 18063 1 18.09
3696 18060 2985 1 7.19
3698 2926 2988 1 6.48
3710 18089 2708 1 19.86
3716 2680 3005 1 26.1
3718 18319 18318 1 3.1
3719 18237 18319 1 26.52
3720 3005 18319 1 5.82
3722 3009 2975 1 6.14
3723 3009 2934 1 14.58
3724 18083 18084 1 14.96
3725 18083 2997 1 6.85
3726 2969 3010 1 3.88
3727 2930 3010 1 9.16
3731 2975 18381 1 1.85
3732 3015 2930 1 7.59
3737 3005 3020 1 9.14
3738 18323 3020 1 6.13
3739 22150 22145 1 2.41
3740 2955 2729 1 11.71
3741 18402 22150 1 19.46
3743 18083 18071 1 3.33
3744 18381 3025 1 4.46
3745 3025 3009 1 4.51
3752 2988 18375 1 5.16
3753 18376 18375 1 7.51
3757 18060 3035 1 30.19
3765 3040 2902 1 18.72
3766 3040 3035 1 0.85
3770 18723 18722 1 11.24
3771 18705 18687 1 27.92
3781 18397 3009 1 31.91
3782 22145 18397 1 3.95
3783 22149 3053 1 11.05
3784 3022 22149 1 6.94
3790 3020 18324 1 9.46
3791 3059 2979 1 26.99
3797 3064 18064 1 17.84
3798 3064 3059 1 4.31
3801 18090 18089 1 7.17
3809 18397 22149 1 4.53
3810 2958 3074 1 14.56
3812 18403 22152 1 1.51
3813 3010 3077 1 8.25
3814 3077 3015 1 6.68
3815 2988 3077 1 10.16
3825 2756 3081 1 0.35
3826 3081 3029 1 6.76
3827 18375 3082 1 7.26
3828 3025 3082 1 14.06
3829 3010 3083 1 8.65
3830 18698 3084 1 28.68
3831 3084 18700 1 24.74
3846 18374 3077 1 3.33
3848 18375 18374 1 9.47
3849 18319 18320 1 9.96
3850 3063 17386 1 9.12
3851 2985 3103 1 13.39
3852 2729 3104 1 17.98
3856 3083 3107 1 7.95
3858 18324 3107 1 12.52
3859 3103 3064 1 19.3
3862 3077 3111 1 5.26
3864 3113 3103 1 0.39
3868 3082 3116 1 6.22
3869 3116 18374 1 5.85
3875 3122 3083 1 3.38
3876 3122 3111 1 3.2
3880 3116 3126 1 2.59
3881 3126 3127 1 2.44
3883 3107 3122 1 7.54
3886 3103 18153 1 2.27
3891 2936 18140 1 19.71
3892 3136 3137 1 2.28
3893 3113 3136 1 2.5
3894 2727 18726 1 18.96
3895 3025 18382 1 12.89
3905 22155 22151 1 1.64
3913 3104 3157 1 6.46
3919 3162 3157 1 0.42
3921 18726 3162 1 6.19
3930 3074 3168 1 8.47
3935 18086 18085 1 24.08
3936 2737 18086 1 32.51
3942 3177 3162 1 1.25
3946 3168 2727 1 19.59
3947 3157 3179 1 3.14
3948 3180 3122 1 3.97
3949 3111 3180 1 6.15
3956 18073 2737 1 12.57
3959 3179 3188 1 0.4
3963 3191 3177 1 2.0
3968 3188 18728 1 0.84
3969 3196 17386 1 7.25
3970 18374 3197 1 6.86
3971 3180 3197 1 7.28
3972 18728 3191 1 1.1
3974 2968 18316 1 21.04
3976 3200 3197 1 4.26
3977 3116 3200 1 6.76
3978 3191 18727 1 0.99
3981 18727 3204 1 1.23
3982 3197 3205 1 0.72
3986 3127 3208 1 9.57
3990 3211 17386 1 31.35
3992 18141 18140 1 5.8
3993 3040 18141 1 46.34
3994 3168 18706 1 7.77
3995 3215 18706 1 4.12
4001 18397 18383 1 26.58
4005 3223 3084 1 19.95
4008 3179 3223 1 6.4
4010 3180 18326 1 6.82
4013 3230 3215 1 7.82
4014 3231 18705 1 19.87
4015 3231 3230 1 1.83
4018 3196 3234 1 8.34
4021 3237 22149 1 15.13
4022 3234 17385 1 2.17
4028 18067 18073 1 10.28
4029 18316 18317 1 11.09
4044 18727 18729 1 6.33
4045 3223 18729 1 2.81
4047 3237 18400 1 12.45
4058 3065 18068 1 17.9
4060 3262 18325 1 5.34
4061 18326 3262 1 4.48
4065 3059 18305 1 24.16
4066 18382 3269 1 11.54
4067 18383 3269 1 7.16
4069 3107 3271 1 27.45
4070 18320 3271 1 17.3
4071 3237 18399 1 4.06
4078 18326 18377 1 8.87
4086 3136 3284 1 15.89
4091 3271 3289 1 2.98
4092 18327 3289 1 2.69
4097 18316 3295 1 9.94
4102 3299 18330 1 4.34
4103 3262 3299 1 4.53
4105 3302 18327 1 10.22
4107 3205 18377 1 12.86
4108 3289 3303 1 0.72
4110 3305 3303 1 1.59
4114 3308 3309 1 0.51
4115 3299 3308 1 0.82
4116 18327 3305 1 2.18
4120 3309 3302 1 6.23
4121 3312 3284 1 2.12
4125 18068 3315 1 5.14
4126 3315 18067 1 13.55
4127 17390 3196 1 17.26
4129 18706 18725 1 13.21
4130 3289 3319 1 5.89
4136 18725 3277 1 15.28
4138 17387 3234 1 8.44
4139 3223 3327 1 13.88
4142 3211 17391 1 12.71
4146 3040 18150 1 33.14
4147 18150 3312 1 3.47
4148 3303 3319 1 7.14
4149 3309 18328 1 7.51
4153 3336 18384 1 3.78
4157 3340 18320 1 22.66
4163 3319 3340 1 11.48
4165 3327 18730 1 1.24
4166 18141 18091 1 27.33
4167 18086 18091 1 19.36
4174 3312 18152 1 2.59
4183 3359 3315 1 5.1
4188 18305 3295 1 63.03
4203 18384 18386 1 12.87
4204 3269 18386 1 9.92
4205 18729 18730 1 14.4
4210 3376 17390 1 7.42
4211 3211 3376 1 17.79
4213 3295 18321 1 7.62
4214 3340 18321 1 5.69
4215 3319 18321 1 16.07
4222 3303 2766 1 6.88
4223 3305 2766 1 8.28
4224 18379 3336 1 8.58
4225 3383 17391 1 11.96
4226 3383 3359 1 5.45
4233 3200 3389 1 16.78
4234 3389 18379 1 2.33
4240 3397 17387 1 8.58
4241 18386 3398 1 2.92
4244 3397 3401 1 13.88
4246 3403 18150 1 6.38
4247 18321 3404 1 3.31
4250 3327 3407 1 12.03
4251 3398 18387 1 7.76
4252 18799 3410 1 20.38
4253 3411 18150 1 9.99
4259 18730 18780 1 6.27
4261 18798 18799 1 15.13
4266 3411 18151 1 1.89
4268 18087 2737 1 29.13
4269 18087 18091 1 46.75
4280 3407 3433 1 2.77
4285 3436 3383 1 13.89
4290 17392 3440 1 0.47
4291 17392 3436 1 1.91
4293 18725 3443 1 11.1
4296 18799 3446 1 4.41
4297 18784 3433 1 17.04
4298 18377 3448 1 13.41
4302 3450 3376 1 9.5
4303 3451 3359 1 8.17
4304 3451 18087 1 33.26
4311 3448 18331 1 1.78
4313 3455 17378 1 3.45
4315 18786 3458 1 31.03
4321 3407 18781 1 2.28
4325 17392 3451 1 21.36
4327 3308 3466 1 15.67
4328 18331 3466 1 15.24
4329 3467 3450 1 2.9
4330 3467 17392 1 2.38
4336 18069 3451 1 2.28
4341 2764 18321 1 19.19
4342 2766 2764 1 10.2
4343 18380 3389 1 7.36
4346 3476 3455 1 2.96
4347 3433 2767 1 7.71
4348 18141 2769 1 49.65
4349 17388 3397 1 9.94
4351 3467 17388 1 26.02
4352 18730 18731 1 14.43
4353 18385 18384 1 13.52
4359 18380 18385 1 9.54
4361 18786 3487 1 12.9
4362 3487 18798 1 12.97
4363 3398 3488 1 10.48
4364 17374 3470 1 13.19
4377 3488 18388 1 1.11
4378 3476 17374 1 14.85
4381 18072 18087 1 6.41
4382 3446 3503 1 7.84
4383 3504 18731 1 13.32
4384 3462 3504 1 4.73
4386 3504 18782 1 7.83
4390 2771 3411 1 14.07
4394 3512 18784 1 24.16
4399 3512 18785 1 2.09
4401 18399 18401 1 27.18
4402 3517 18321 1 16.82
4403 3517 18322 1 7.48
4404 3476 3518 1 36.14
4405 17388 3518 1 11.58
4408 18386 3520 1 17.09
4409 18388 3520 1 13.65
4410 18322 3521 1 6.05
4411 2765 3521 1 1.69
4412 3284 3522 1 52.87
4413 3521 3523 1 1.7
4414 2765 3523 1 2.6
4415 18327 3523 1 23.02
4418 18731 3527 1 16.52
4419 3522 18306 1 0.54
4422 3532 3522 1 0.72
4423 18308 3534 1 2.16
4424 3534 3404 1 28.51
4428 18306 18308 1 24.91
4430 3523 18329 1 3.5
4440 3534 18309 1 1.9
4445 18783 3550 1 8.33
4456 3466 3559 1 12.1
4457 18329 3559 1 4.13
4466 2768 3566 1 7.37
4471 3550 18794 1 5.47
4472 3512 18794 1 11.69
4474 3566 3573 1 2.8
4477 3576 18142 1 11.75
4478 3576 18143 1 8.53
4479 3550 3573 1 8.49
4480 3578 17197 1 9.44
4485 18794 3583 1 3.1
4490 18410 3488 1 11.33
4492 18410 18401 1 14.72
4494 2796 17325 1 3.73
4495 2796 3468 1 14.46
4504 18309 18314 1 14.1
4505 3404 18314 1 22.23
4508 3600 3403 1 19.43
4509 3578 3601 1 11.12
4512 3583 3603 1 4.81
4515 18091 18092 1 30.75
4521 3600 18155 1 0.82
4524 18143 18154 1 12.96
4530 3559 3614 1 5.38
4533 2796 3617 1 27.49
4539 3521 3621 1 10.02
4540 3614 3621 1 3.03
4543 3622 3623 1 11.43
4547 3627 17206 1 10.63
4548 3617 3627 1 15.58
4555 17340 3633 1 0.52
4560 3559 18339 1 20.67
4561 18378 18339 1 12.55
4562 3627 3601 1 33.53
4565 18410 18411 1 5.58
4567 3643 18156 1 2.24
4568 3643 3600 1 4.48
4583 3621 3655 1 4.58
4584 3614 3655 1 3.69
4586 18333 3655 1 5.77
4587 18146 3622 1 5.29
4590 3659 2777 1 14.37
4599 3666 18146 1 3.16
4600 3666 3576 1 12.7
4603 18101 18092 1 6.68
4610 3520 3674 1 12.75
4612 3674 18410 1 21.19
4618 18332 18333 1 8.62
4622 3682 17340 1 4.08
4623 18098 18094 1 15.99
4625 3685 18380 1 20.62
4626 3685 3686 1 0.28
4629 3686 3689 1 14.51
4630 3689 3674 1 2.48
4633 3692 3666 1 2.75
4634 3583 3693 1 9.53
4635 3694 18411 1 7.15
4640 3627 3698 1 13.68
4641 3617 3698 1 8.22
4642 3699 3476 1 23.02
4643 3518 3699 1 27.67
4647 18339 3701 1 23.2
4648 3685 3701 1 1.71
4649 2792 3532 1 15.69
4650 3682 17339 1 11.35
4651 18394 3689 1 1.65
4653 2814 18401 1 16.04
4654 3704 3517 1 15.28
4655 3621 3704 1 16.46
4656 3518 3705 1 25.31
4657 3705 3467 1 28.53
4658 3686 18390 1 2.0
4665 3704 18334 1 2.01
4670 2792 18310 1 1.89
4671 18092 18144 1 21.52
4672 17392 3715 1 33.59
4673 3715 18074 1 1.14
4678 18100 18098 1 13.78
4679 18100 18101 1 8.33
4688 18079 18072 1 22.43
4693 3705 17395 1 2.31
4694 3705 3727 1 2.6
4700 3727 3732 1 2.02
4704 3736 3590 1 25.38
4705 3732 3737 1 2.63
4706 17395 3737 1 2.51
4708 2795 3736 1 18.73
4711 3740 18093 1 6.17
4712 18080 3740 1 6.43
4716 3744 3698 1 11.79
4723 3754 17396 1 1.79
4724 3756 18100 1 11.02
4726 3715 3759 1 13.76
4728 3762 3763 1 3.68
4730 3765 2786 1 10.87
4733 3769 3770 1 3.63
4734 3771 3770 1 2.49
4738 18310 3776 1 12.98
4739 3754 18075 1 14.26
4740 2853 3762 1 1.35
4741 3756 3765 1 18.72
4745 18075 3759 1 16.07
4749 3765 3785 1 6.64
4750 3785 3762 1 7.8
4752 3763 3769 1 27.98
4753 3643 3787 1 18.62
4754 18161 3787 1 15.72
4759 3792 3740 1 18.92
4765 18145 2853 1 2.23
4769 3737 3805 1 3.64
4772 3704 3806 1 7.41
4777 3806 3810 1 0.44
4778 3810 3811 1 1.02
4782 18314 3810 1 22.73
4783 3655 18338 1 10.56
4789 3470 3815 1 31.05
4790 3815 17379 1 1.85
4795 18390 18391 1 6.89
4796 3825 3682 1 11.07
4797 3825 17341 1 8.22
4803 3811 18338 1 22.87
4806 18144 3763 1 11.1
4807 3763 3692 1 11.27
4812 3805 3754 1 14.84
4814 18338 3832 1 23.46
4815 3833 3744 1 6.99
4816 2796 3833 1 25.46
4819 3832 18389 1 1.44
4820 18339 18389 1 15.01
4821 18154 3771 1 18.35
4823 18147 3771 1 1.4
4826 3701 18389 1 21.68
4828 2830 3701 1 10.51
4829 2830 18391 1 2.75
4831 3785 18145 1 5.7
4837 3787 18157 1 1.48
4838 3770 18157 1 19.63
4842 3845 17342 1 2.53
4843 3845 3825 1 10.42
4846 3815 3848 1 9.32
4847 3699 22134 1 26.88
4849 18389 15368 1 9.46
4852 18311 3776 1 6.09
4854 3848 3853 1 0.72
4857 3776 3856 1 4.56
4867 3863 3833 1 10.28
4873 3810 3867 1 13.07
4875 3869 2795 1 15.14
4883 3875 3845 1 3.34
4884 3876 2830 1 8.22
4889 17344 3875 1 1.33
4891 3882 3875 1 0.65
4892 3883 18311 1 0.9
4893 3883 3856 1 3.87
4894 17326 3869 1 16.77
4895 3884 3882 1 5.08
4897 3876 18392 1 3.33
4899 3869 3887 1 7.17
4901 17326 3884 1 33.16
4902 3737 17397 1 13.97
4905 3891 18099 1 5.33
4906 3891 3756 1 20.82
4907 3698 3893 1 30.24
4909 3895 3792 1 12.09
4910 3895 3891 1 1.03
4916 3732 17394 1 19.37
4922 3904 18157 1 6.33
4923 17393 17394 1 6.62
4928 3744 3908 1 16.85
4939 3883 3904 1 46.87
4940 3853 17380 1 8.85
4943 3917 17393 1 12.54
4944 3699 3918 1 24.61
4947 3918 3917 1 1.67
4952 3759 3922 1 21.47
4956 3924 18079 1 23.84
4957 3908 3893 1 7.33
4958 3792 3925 1 11.4
4959 3925 3895 1 15.68
4963 3917 17383 1 1.09
4965 3922 3924 1 6.05
4968 3869 3928 1 8.13
4973 3932 17380 1 3.14
4976 18336 3867 1 9.31
4980 3924 18082 1 10.44
4985 18082 3925 1 17.02
4990 3856 18315 1 35.3
4991 3867 18315 1 13.32
4992 3948 3863 1 11.4
4993 3887 3948 1 9.4
4996 18097 3925 1 2.43
4998 3928 3948 1 15.79
5006 3769 18158 1 17.25
5010 18395 2831 1 2.66
5012 18340 18338 1 21.61
5014 3904 3962 1 10.2
5017 17380 3964 1 8.07
5018 3965 3922 1 6.59
5019 3965 18081 1 5.08
5020 3853 17381 1 13.28
5022 17344 3969 1 16.64
5033 18077 3965 1 13.76
5042 3964 3986 1 12.45
5043 17381 3986 1 3.01
5048 3969 3991 1 3.46
5049 3964 3991 1 4.2
5050 3962 18160 1 4.48
5055 3997 18340 1 4.58
5056 3998 3965 1 4.46
5059 3997 18337 1 5.3
5064 3986 4004 1 6.73
5068 4004 4008 1 1.26
5069 4008 17382 1 1.9
5071 4008 4011 1 0.6
5072 4011 3918 1 31.17
5073 3991 17346 1 2.66
5079 4017 18103 1 4.17
5080 4017 18145 1 31.49
5084 4020 18077 1 9.02
5085 18395 4021 1 10.56
5086 3928 4022 1 14.18
5089 4020 18078 1 1.31
5091 4021 18396 1 0.5
5097 4022 17327 1 3.7
5099 4030 3948 1 16.34
5101 17345 3969 1 10.15
5102 3991 17345 1 9.17
5109 4037 3876 1 20.18
5110 4021 4038 1 4.65
5116 18096 18097 1 14.53
5118 18163 18312 1 15.54
5121 4048 3998 1 8.2
5125 4051 4030 1 11.25
5126 17327 4051 1 11.58
5127 18078 18076 1 13.28
5131 18158 4054 1 16.9
5132 4054 3904 1 28.87
5134 4055 3997 1 8.19
5138 18393 4037 1 4.36
5139 18159 4054 1 0.64
5143 18160 4063 1 9.96
5145 4063 18163 1 13.0
5161 4073 18102 1 7.15
5162 4073 4017 1 12.35
5167 4079 4037 1 6.57
5168 4079 18393 1 6.62
5169 2859 4080 1 2.82
5170 18315 4080 1 21.34
5179 3863 4086 1 33.57
5185 18315 4090 1 42.0
5186 4090 4055 1 4.1
5194 4097 18096 1 10.93
5198 4090 4100 1 2.26
5199 4100 4055 1 6.24
5201 2854 18148 1 10.03
5208 4048 4097 1 13.68
5213 4080 18347 1 3.61
5218 4004 17398 1 15.54
5225 4097 18120 1 2.6
5231 4100 4079 1 41.35
5234 4063 18187 1 9.22
5236 4090 18363 1 4.46
5237 18076 17422 1 15.43
5241 4136 18393 1 19.2
5246 4141 4080 1 7.77
5248 17354 2826 1 30.96
5249 17345 17354 1 23.52
5252 4136 18427 1 1.76
5253 2831 18427 1 25.62
5264 4154 18125 1 2.23
5265 4154 4073 1 9.12
5266 4156 18168 1 1.0
5267 4156 18159 1 12.05
5271 17354 17355 1 1.63
5281 18187 4167 1 4.77
5285 4169 4141 1 9.67
5291 4169 18342 1 1.17
5295 17356 17345 1 21.47
5298 4181 4086 1 31.96
5299 17349 4181 1 14.89
5300 18364 18425 1 19.63
5301 18425 4079 1 29.11
5310 17353 4199 1 34.88
5315 4208 4209 1 5.19
5316 4210 4211 1 11.67
5321 4219 4220 1 33.6
5322 4220 18167 1 3.24
5323 18431 4223 1 3.39
5327 4229 17402 1 2.31
5328 4229 4231 1 13.33
5329 4232 4233 1 3.77
5330 4141 4233 1 44.92
5332 17367 4237 1 11.28
5333 4238 18113 1 5.83
5334 18116 18113 1 13.49
5338 4245 4246 1 5.32
5342 4253 18193 1 2.0
5344 4257 4258 1 12.12
5345 4258 4259 1 3.47
5346 4260 4261 1 7.51
5350 17412 4268 1 7.22
5351 4268 4269 1 7.22
5353 18178 4273 1 18.34
5354 4273 18183 1 0.41
5355 18174 18137 1 14.42
5359 4282 4283 1 31.44
5360 18196 18524 1 27.2
5361 4283 17472 1 6.96
5362 4287 18201 1 5.9
5363 4287 4289 1 2.46
5364 18510 18512 1 17.33
5365 18524 4287 1 4.36
5369 4296 4297 1 10.53
5370 4296 18607 1 19.92
5371 4299 4300 1 4.72
5388 17394 4322 1 41.19
5389 17422 4322 1 13.48
5406 4322 17420 1 1.98
5411 18427 18429 1 12.25
5413 4154 4344 1 12.55
5418 4348 3918 1 39.82
5419 4080 4349 1 33.45
5424 4348 17415 1 0.45
5430 4349 18359 1 2.7
5436 18126 4344 1 4.17
5438 18108 4048 1 21.22
5439 17422 4364 1 12.52
5442 4051 17353 1 32.09
5443 4022 17353 1 26.42
5444 17353 17354 1 21.36
5445 2854 18166 1 18.42
5446 18166 4367 1 0.57
5448 18165 18166 1 19.75
5450 4344 18165 1 13.81
5451 4097 18121 1 26.83
5465 17353 17351 1 2.39
5466 18121 4382 1 3.64
5467 4382 4154 1 17.13
5474 4388 4136 1 15.86
5477 4348 17417 1 7.23
5478 17417 4322 1 20.92
5490 17349 17353 1 18.84
5495 18429 4404 1 9.53
5496 18360 4090 1 21.74
5497 4349 18360 1 13.48
5502 17358 17356 1 14.86
5503 4410 4404 1 0.67
5504 18428 4388 1 2.88
5507 18363 4414 1 19.02
5510 4417 18360 1 1.55
5514 4417 4414 1 1.95
5515 4388 4410 1 23.08
5525 17353 4425 1 41.55
5527 4414 4427 1 19.51
5528 4427 18363 1 24.29
5534 4429 4169 1 26.21
5536 4167 4429 1 25.73
5537 4431 4382 1 9.0
5538 4427 18364 1 4.92
5544 17346 4436 1 40.79
5545 4364 18104 1 16.86
5551 4431 18122 1 1.67
5552 4425 17358 1 13.62
5555 4429 18341 1 2.7
5556 17403 17416 1 43.51
5557 17416 4011 1 54.41
5558 17416 17417 1 13.4
5559 4429 4447 1 5.68
5562 17416 4450 1 1.55
5565 4451 4156 1 22.96
5569 18165 18127 1 16.09
5572 17348 4181 1 1.85
5573 4181 4458 1 2.2
5574 4459 18188 1 27.55
5575 4459 4429 1 7.63
5576 4461 4459 1 0.25
5577 4429 4461 1 7.29
5578 18109 18108 1 13.78
5580 18426 18425 1 1.65
5581 18426 18428 1 20.18
5586 4467 17406 1 2.67
5587 4450 4467 1 7.12
5591 4467 4471 1 1.31
5592 4451 4472 1 16.95
5594 4473 4451 1 2.94
5595 4451 18169 1 2.04
5598 4476 17405 1 1.28
5599 4471 4476 1 6.3
5601 4479 4459 1 2.46
5602 4461 4480 1 2.49
5609 4485 4417 1 12.0
5618 4472 4493 1 13.25
5619 4493 18185 1 3.22
5620 4447 4495 1 8.52
5625 4472 18186 1 2.96
5631 18428 4508 1 13.76
5633 18128 18127 1 10.38
5636 4414 4509 1 14.4
5637 4485 4509 1 7.8
5641 4509 4512 1 0.38
5643 4493 4514 1 26.81
5644 4480 4515 1 6.28
5646 4514 4515 1 0.59
5648 4429 18343 1 14.98
5651 4382 4219 1 25.59
5652 4219 18128 1 2.34
5655 4509 18362 1 4.28
5657 18362 4512 1 1.48
5658 4508 18430 1 2.57
5660 18166 4525 1 21.53
5661 4525 4473 1 12.57
5665 17418 17416 1 12.28
5670 4476 17408 1 8.81
5676 4536 18109 1 12.41
5677 18365 18364 1 13.18
5680 4515 4538 1 3.98
5681 4514 4479 1 6.5
5682 4539 4512 1 4.37
5684 4539 18362 1 4.9
5692 18343 18345 1 4.83
5693 4538 4546 1 2.39
5695 17403 17407 1 25.49
5696 18430 4549 1 6.91
5697 4550 4431 1 21.5
5698 4550 18123 1 2.95
5701 17359 17358 1 20.17
5704 4549 18432 1 1.95
5712 17407 4231 1 1.77
5713 4231 17408 1 7.26
5715 4211 4536 1 4.63
5716 4211 4550 1 2.48
5719 4508 4563 1 9.02
5720 18432 4564 1 2.79
5722 4566 4485 1 11.76
5723 4566 4539 1 10.04
5730 4563 4549 1 12.2
5735 4546 4208 1 6.89
5738 4208 4514 1 13.16
5739 4208 4578 1 0.29
5749 17418 17423 1 24.98
5750 4211 18105 1 56.36
5754 18124 4211 1 3.62
5762 4495 4232 1 17.1
5765 4471 17409 1 16.58
5766 18426 4223 1 25.02
5767 4563 4223 1 5.45
5768 18167 4525 1 15.1
5780 18345 4601 1 9.24
5781 4601 4232 1 8.41
5784 18190 4209 1 3.75
5785 18190 4546 1 10.41
5786 4220 4604 1 3.39
5787 4604 18167 1 3.46
5789 17423 17419 1 11.3
5794 4601 18346 1 4.31
5798 18107 18105 1 22.09
5802 4617 18426 1 23.63
5803 4223 4618 1 9.12
5805 4473 4620 1 22.45
5806 4620 18170 1 1.65
5808 4618 4617 1 7.86
5810 17423 17425 1 9.95
5811 4624 4233 1 3.1
5815 4627 17348 1 30.8
5816 17425 4628 1 0.89
5817 17400 17359 1 13.82
5824 4634 17401 1 0.8
5825 4634 4229 1 10.83
5826 4566 4636 1 12.05
5827 4636 4637 1 0.88
5832 18361 4636 1 6.81
5833 4604 4641 1 25.67
5834 4641 4620 1 2.78
5844 22173 4210 1 7.23
5845 18124 22173 1 13.1
5847 4652 17400 1 3.47
5848 4634 4652 1 10.22
5849 4653 18190 1 6.38
5851 17424 17419 1 7.94
5852 4628 17424 1 14.55
5853 18444 4223 1 28.32
5854 4564 18444 1 18.31
5856 18105 17423 1 18.96
5857 4658 4493 1 28.74
5858 4578 4658 1 18.2
5862 4661 4637 1 3.5
5871 18110 22175 1 6.41
5872 4666 4617 1 6.63
5873 4653 18189 1 6.6
5874 4628 18106 1 15.99
5881 4674 17360 1 1.93
5882 4652 4674 1 8.41
5885 4210 4678 1 19.94
5887 4199 4680 1 14.54
5890 4683 18365 1 28.34
5892 4680 17363 1 6.25
5896 18370 4683 1 3.12
5897 4666 4689 1 4.45
5901 17367 4680 1 13.77
5903 4674 17367 1 10.84
5907 4694 4641 1 24.84
5908 4658 4694 1 10.42
5911 4683 18366 1 18.58
5913 18107 4238 1 16.44
5914 4678 4238 1 7.22
5916 18440 18444 1 13.78
5917 4223 4700 1 22.75
5918 4700 18440 1 0.67
5921 18171 4220 1 20.38
5923 4689 18434 1 1.99
5926 4661 4706 1 6.66
5929 4700 4710 1 1.13
5930 4436 17403 1 10.82
5931 17358 4436 1 10.46
5932 4229 4711 1 15.37
5933 4550 22174 1 15.82
5935 4714 4700 1 1.24
5936 4714 18440 1 1.19
5938 4716 4653 1 8.31
5941 4678 18116 1 9.65
5942 22173 18116 1 13.47
5943 18366 4706 1 8.44
5944 4716 18198 1 6.56
5946 18349 4624 1 13.48
5947 18349 18361 1 24.89
5949 4689 4245 1 3.38
5955 4245 4710 1 25.68
5960 4726 4238 1 5.49
5961 18106 4726 1 18.16
5968 17408 4729 1 31.42
5972 18444 4731 1 12.59
5978 18193 4694 1 10.94
5979 18193 4658 1 11.42
5980 4680 4237 1 8.44
5982 4694 4735 1 11.09
5986 4738 4716 1 5.68
5989 4726 4740 1 9.73
5995 17429 17424 1 19.01
5996 4747 4714 1 8.29
5997 4726 4748 1 7.65
5998 4748 18113 1 4.01
5999 4749 4253 1 4.24
6000 4237 4750 1 4.93
6001 17368 4750 1 1.85
6004 4754 17429 1 2.37
6005 4754 4628 1 20.77
6006 4740 18111 1 2.55
6015 4735 4763 1 8.23
6024 4740 4771 1 8.64
6026 18350 18349 1 23.04
6027 17363 17361 1 26.04
6028 4738 18348 1 11.55
6033 4771 18112 1 0.95
6042 4706 4784 1 16.5
6043 4784 18356 1 1.32
6045 4231 4787 1 41.35
6046 4788 17364 1 1.11
6047 4788 4237 1 17.45
6049 4791 18350 1 3.3
6050 4792 4793 1 1.17
6051 17361 4793 1 3.58
6052 4794 4792 1 2.67
6055 4750 17365 1 9.0
6056 4793 4788 1 7.8
6057 4750 4798 1 6.61
6060 4735 18191 1 10.99
6065 4771 4805 1 6.86
6067 4807 4794 1 4.36
6070 18171 4810 1 25.79
6073 4810 18173 1 0.31
6075 17362 4793 1 2.52
6077 4817 18348 1 6.58
6078 4817 4791 1 10.32
6082 4805 4821 1 1.97
6083 4822 18349 1 17.94
6084 18356 4822 1 10.16
6088 17369 4798 1 3.35
6089 4827 4754 1 13.11
6090 4821 4827 1 0.78
6092 17369 17365 1 9.21
6098 4833 4822 1 1.4
6113 4827 17430 1 2.0
6114 4805 17430 1 4.87
6115 17430 4845 1 1.59
6117 18171 4847 1 32.77
6118 4847 18134 1 6.43
6119 4749 4849 1 17.57
6120 4849 4738 1 13.98
6121 4850 18371 1 0.76
6123 4763 4853 1 14.98
6127 4857 18367 1 7.25
6128 4857 4850 1 8.3
6130 18135 4847 1 5.04
6131 4833 4861 1 2.51
6134 18433 4865 1 1.55
6135 18433 4666 1 39.5
6138 17365 17366 1 7.97
6139 18353 18350 1 15.36
6143 4850 18372 1 13.25
6144 18372 4865 1 0.81
6147 4749 4875 1 14.99
6148 4849 4876 1 4.23
6149 4876 4817 1 11.95
6151 4878 18433 1 0.85
6154 18372 4878 1 1.81
6157 4763 18192 1 13.51
6161 4748 4884 1 20.48
6162 4884 18117 1 1.27
6163 18199 4849 1 3.07
6166 4875 18197 1 2.86
6167 18197 18194 1 0.47
6168 18197 18199 1 16.02
6176 4896 4833 1 6.69
6180 4853 18177 1 6.6
6181 4861 4901 1 3.88
6182 4901 4896 1 4.05
6184 4876 4903 1 6.54
6185 4903 18199 1 10.97
6195 17414 4787 1 19.88
6196 4896 4911 1 3.79
6197 4784 4911 1 14.06
6200 4914 4827 1 12.35
6209 4853 4921 1 11.12
6211 4922 17369 1 12.84
6212 4798 4922 1 14.91
6213 17427 4924 1 9.48
6214 4925 17414 1 2.04
6215 4926 18353 1 12.89
6216 4901 4926 1 5.66
6219 17430 17431 1 11.87
6222 4903 4931 1 6.22
6223 4754 4282 1 19.72
6224 4282 4914 1 3.38
6225 4282 17431 1 4.21
6226 4932 4924 1 8.24
6227 4932 17428 1 5.41
6228 4934 17426 1 7.64
6229 4924 4934 1 7.18
6231 4784 18368 1 22.55
6232 18368 4857 1 11.38
6233 4938 18132 1 11.15
6236 4934 4925 1 8.56
6239 4931 4943 1 3.6
6240 4791 4943 1 17.69
6241 4282 4932 1 17.71
6244 18137 18135 1 17.77
6252 4911 18368 1 19.81
6253 4931 18351 1 3.38
6254 4943 18351 1 0.78
6257 18200 18199 1 8.02
6261 18177 18181 1 6.19
6263 4921 18179 1 3.78
6268 18357 4901 1 6.56
6269 18357 4911 1 7.92
6272 18195 4875 1 15.51
6281 18133 4938 1 4.03
6282 4847 18133 1 17.64
6286 4926 4257 1 5.85
6287 4257 18357 1 7.06
6288 4943 4974 1 19.39
6291 4974 4976 1 2.02
6292 4976 4257 1 9.42
6293 4810 4977 1 19.36
6294 4921 4977 1 8.29
6305 18354 4974 1 1.74
6314 18354 4992 1 1.42
6315 4976 4992 1 3.42
6316 4977 4993 1 2.53
6322 18175 4260 1 10.83
6323 4977 4260 1 4.48
6349 4922 5014 1 10.63
6351 4269 17413 1 6.43
6352 4269 4925 1 17.55
6353 4884 5016 1 20.64
6354 4259 18357 1 8.31
6355 4911 4259 1 12.25
6356 4260 18178 1 4.55
6357 18178 4993 1 2.55
6360 17362 5019 1 25.32
6362 17370 5014 1 3.59
6369 4259 5027 1 2.28
6375 5031 18354 1 10.11
6381 2887 18130 1 3.6
6382 2887 18110 1 53.57
6383 18133 2887 1 14.14
6384 4273 18196 1 11.91
6385 18196 18195 1 13.98
6394 5044 4268 1 6.56
6395 5016 18131 1 15.16
6397 18176 4261 1 5.22
6402 5053 4258 1 6.54
6404 18138 18174 1 14.17
6408 5027 5057 1 10.76
6409 17430 18460 1 34.92
6410 18460 18118 1 4.99
6415 5016 18119 1 14.1
6421 5068 5069 1 16.49
6422 18373 4878 1 29.33
6423 5031 18355 1 8.78
6427 4258 18358 1 9.09
6430 5057 5076 1 3.13
6433 18136 18133 1 19.3
6434 18136 18138 1 14.99
6435 4273 18184 1 8.23
6436 18373 5068 1 7.13
6441 5084 17411 1 3.33
6442 5084 5044 1 8.0
6456 18131 5093 1 9.34
6457 5093 2886 1 7.31
6460 18352 5031 1 18.88
6462 5076 18369 1 2.84
6467 5103 18174 1 11.35
6468 4261 5103 1 17.84
6475 18201 18200 1 23.99
6486 5115 17410 1 3.13
6487 5115 5084 1 9.44
6494 18176 18512 1 9.8
6495 18512 18180 1 12.64
6499 5103 18510 1 4.67
6514 18358 5136 1 13.05
6518 18460 5139 1 12.27
6519 5139 18462 1 2.75
6520 4289 18352 1 23.09
6535 18352 5151 1 36.07
6536 5151 5053 1 15.18
6537 5151 5136 1 4.81
6550 5161 5115 1 11.07
6551 5103 5162 1 12.63
6556 18369 5166 1 11.91
6557 5166 18373 1 28.25
6558 5162 18509 1 2.19
6559 5136 5166 1 27.35
6563 5171 5093 1 24.13
6564 5171 18136 1 15.24
6570 18605 5166 1 1.37
6571 18605 5177 1 0.94
6573 5014 17458 1 28.16
6574 17458 5161 1 2.5
6578 5183 18605 1 1.18
6588 4289 18525 1 16.22
6592 18490 5171 1 3.34
6604 5203 5171 1 6.05
6609 4726 5206 1 74.98
6611 5206 5208 1 0.28
6614 18463 5139 1 10.72
6615 5208 18463 1 0.27
6616 5211 4287 1 10.13
6622 5216 17451 1 3.04
6623 17458 5216 1 14.33
6628 5221 5203 1 5.78
6629 5162 5221 1 11.45
6634 5226 5203 1 4.09
6635 5221 5226 1 5.07
6643 18492 5221 1 1.79
6652 18491 18486 1 10.99
6653 5226 18491 1 12.17
6655 5243 17458 1 14.81
6656 18516 18524 1 35.28
6657 18464 18461 1 6.76
6658 5247 5151 1 13.25
6659 5248 5221 1 3.25
6664 5216 5253 1 9.5
6673 5262 5226 1 4.36
6674 5248 5262 1 3.89
6675 18526 5211 1 17.23
6677 5265 18485 1 6.6
6678 18491 5265 1 9.76
6680 18469 18468 1 15.3
6689 5253 5276 1 6.82
6693 5279 5248 1 13.98
6694 18511 5279 1 2.14
6695 5247 18594 1 6.52
6696 5136 18594 1 20.88
6707 18594 5291 1 2.06
6708 5166 5291 1 29.86
6712 5291 5294 1 3.29
6719 18484 18483 1 18.93
6720 5265 18484 1 9.98
6721 5301 5247 1 5.58
6722 5294 5301 1 3.99
6736 5310 18469 1 5.41
6737 18484 5310 1 10.18
6742 18592 18525 1 30.43
6744 5316 18487 1 0.42
6745 5316 18491 1 10.02
6750 5291 18595 1 8.32
6753 5324 18514 1 4.88
6754 5324 18516 1 11.01
6755 5326 18592 1 1.66
6756 5326 5301 1 16.12
6758 4283 5328 1 23.42
6760 18593 5301 1 3.59
6761 18593 5294 1 5.84
6771 18522 5211 1 16.12
6775 5341 5279 1 29.53
6778 5344 18467 1 12.07
6779 5310 5344 1 17.81
6780 18522 18516 1 30.31
6784 18522 18527 1 12.52
6785 5326 18527 1 38.65
6789 5353 5341 1 3.83
6790 18514 5353 1 4.54
6794 18470 18463 1 19.11
6795 5344 18470 1 11.05
6802 5363 5353 1 1.56
6803 5363 5324 1 6.19
6804 5328 17474 1 9.78
6814 5372 18464 1 15.09
6815 18470 5372 1 10.53
6816 5372 18466 1 0.75
6822 5376 5243 1 16.03
6828 18494 5262 1 14.14
6831 17474 5382 1 2.44
6846 5393 5382 1 6.87
6847 5328 5393 1 8.17
6848 5344 18471 1 7.14
6855 5399 5253 1 22.31
6859 5399 17452 1 6.6
6863 5404 5405 1 0.19
6864 17470 5407 1 1.6
6865 5382 17470 1 11.2
6867 5409 5393 1 13.2
6868 5409 17475 1 0.91
6873 5340 18610 1 14.71
6875 5372 5404 1 8.49
6877 18484 5418 1 14.42
6878 5418 5316 1 13.75
6883 5421 5183 1 32.41
6884 5422 18611 1 1.63
6886 5418 18489 1 1.2
6889 5422 5428 1 10.43
6890 17459 17460 1 5.54
6891 5431 17461 1 7.59
6893 18493 18494 1 10.05
6894 5435 18610 1 2.64
6895 5435 5422 1 6.7
6899 17460 5431 1 16.22
6901 17470 5431 1 29.11
6903 5421 18608 1 3.34
6904 18495 5248 1 23.01
6915 5451 5363 1 13.3
6921 5457 18593 1 16.29
6922 18596 5457 1 0.87
6928 5183 5464 1 49.42
6929 5464 5435 1 14.9
6931 5465 5421 1 8.95
6932 5465 5464 1 1.84
6933 18606 5467 1 3.86
6941 5418 5472 1 10.34
6944 18470 5472 1 39.72
6945 5474 5465 1 1.33
6950 5467 5465 1 22.61
6957 5481 18495 1 7.28
6960 5474 18609 1 1.76
6964 4297 5474 1 2.28
6968 5363 5490 1 36.49
6969 18522 5490 1 20.83
6970 18523 5490 1 4.23
6973 5493 5376 1 17.35
6974 17460 5493 1 21.11
6977 5496 5457 1 6.67
6978 5496 5467 1 23.71
6983 18496 5481 1 2.47
6991 5506 18513 1 3.45
6992 5506 5451 1 11.33
6993 5508 18496 1 2.1
6997 5451 18517 1 9.82
6999 5493 4299 1 5.32
7001 18597 5496 1 21.33
7003 5472 5516 1 10.95
7009 5516 18488 1 1.23
7036 5516 5540 1 12.7
7045 5393 17471 1 24.37
7047 5490 5550 1 19.46
7048 17464 17477 1 6.04
7049 17471 17487 1 0.87
7051 5550 18597 1 42.36
7059 5560 17463 1 1.58
7060 5560 5399 1 26.98
7061 4300 5560 1 3.75
7066 5565 5496 1 11.37
7067 5565 18600 1 0.99
7073 17477 17478 1 7.47
7078 5574 18479 1 1.91
7079 5540 5574 1 7.21
7094 5587 18470 1 32.75
7095 5574 5587 1 4.1
7096 5588 4296 1 7.07
7097 5588 18616 1 0.65
7112 5472 18500 1 34.21
7113 5508 18500 1 19.29
7139 5621 18474 1 6.52
7140 5587 5621 1 7.3
7162 5642 5643 1 6.11
7163 5643 18604 1 7.2
7243 17478 17480 1 9.64
7244 5772 5588 1 5.64
7269 5793 5565 1 10.69
7270 5793 18601 1 2.13
7271 5795 18518 1 0.5
7272 5795 5506 1 25.12
7285 5805 18473 1 3.88
7286 5621 5805 1 12.13
7290 18500 5809 1 24.63
7291 5809 5508 1 23.41
7292 5809 5795 1 2.2
7293 22372 5550 1 18.52
7300 18530 22372 1 1.65
7304 5587 18480 1 9.89
7305 18480 18481 1 5.97
7312 5772 18613 1 17.46
7314 5540 5825 1 24.73
7315 5826 18530 1 3.29
7316 5826 22372 1 2.26
7323 5825 18497 1 1.0
7336 17491 17490 1 11.89
7338 17471 5846 1 18.11
7339 5847 5846 1 2.32
7340 17480 5847 1 15.91
7345 5851 18472 1 0.94
7347 5805 5854 1 9.09
7348 5854 5851 1 2.65
7349 5855 17491 1 1.66
7350 5856 5855 1 1.94
7351 5855 5851 1 15.58
7353 5846 17488 1 2.53
7354 17488 5859 1 0.5
7358 17488 5856 1 13.46
7364 18614 5772 1 15.95
7365 18614 5870 1 0.53
7369 17488 5874 1 4.17
7371 5876 4300 1 49.03
7374 5854 18475 1 12.64
7389 5874 17482 1 6.27
7392 5876 17466 1 4.79
7403 17482 17481 1 4.83
7404 5900 5793 1 15.55
7405 5901 17479 1 3.37
7406 17481 5901 1 11.87
7408 5904 5876 1 3.83
7419 5904 5911 1 1.45
7424 5915 17466 1 3.9
7425 5901 5915 1 7.06
7428 5917 5826 1 19.66
7430 5919 5904 1 2.84
7431 5915 5919 1 3.42
7433 17488 5921 1 9.41
7434 5921 17489 1 0.74
7435 5911 5923 1 2.01
7436 5919 5923 1 1.93
7439 18614 5926 1 17.31
7440 5923 17465 1 1.36
7443 5900 18612 1 8.67
7444 5825 5930 1 15.63
7447 5930 18498 1 0.85
7453 5937 5917 1 9.95
7454 18501 5939 1 0.31
7455 18501 5809 1 22.77
7456 5940 5937 1 4.33
7457 5793 5940 1 27.92
7460 5937 18599 1 2.38
7461 5940 18599 1 3.89
7462 17465 17468 1 8.27
7463 17468 5945 1 3.25
7469 5490 18529 1 41.99
7481 5926 18612 1 11.21
7486 5851 18477 1 15.86
7489 5919 17483 1 9.22
7491 5921 5966 1 6.84
7498 5874 17484 1 14.7
7500 17493 5966 1 6.09
7509 17484 17492 1 7.89
7510 17492 17493 1 7.95
7513 5985 18480 1 24.15
7518 18602 5900 1 10.83
7526 5995 5985 1 2.12
7529 5995 18482 1 0.69
7531 6000 17469 1 2.44
7532 6000 17465 1 14.27
7533 18618 18614 1 24.5
7534 5851 6003 1 24.86
7538 6003 17496 1 0.66
7543 6009 18618 1 1.56
7559 5966 17495 1 10.31
7560 17495 6022 1 0.28
7570 5642 18604 1 1.99
7571 18604 18612 1 16.51
7576 6033 18602 1 6.42
7577 6033 5642 1 1.68
7578 5917 6034 1 29.41
7579 6000 6035 1 5.54
7582 17484 17485 1 14.14
7583 5930 6038 1 20.3
7587 18502 6042 1 2.7
7588 18502 18501 1 19.6
7590 6038 18502 1 25.77
7609 6003 17497 1 9.21
7610 6054 6038 1 5.54
7614 18502 6058 1 4.25
7617 5985 6054 1 31.17
7618 6054 18499 1 1.24
7623 6033 6065 1 6.37
7624 5643 6065 1 2.43
7630 17497 18476 1 8.54
7633 18477 18478 1 19.64
7642 6082 5995 1 12.68
7668 17485 6103 1 9.61
7672 17494 6107 1 5.41
7673 17495 6107 1 14.29
7717 6107 6137 1 9.27
7718 17497 6137 1 13.11
7789 6137 6194 1 11.0
19715 18072 15330 1 12.29
19716 15331 18091 1 34.18
19717 15333 15331 1 15.28
19722 4508 15343 1 15.94
19728 15354 3689 1 30.55
19732 15362 18364 1 22.68
19733 18312 3883 1 21.13
19734 15366 4429 1 28.03
19735 15368 15362 1 31.55
20501 16168 17461 1 46.19
20503 16172 16168 1 58.21
29653169 5404 5409 1 14.02
29653187 21869 18023 1 4.12
29653382 18202 1766 1 59.32
29653383 22131 18781 1 0.66
29653385 18781 3462 1 3.52
29653386 18780 22131 1 4.18
29653387 18691 2876 1 1.05
29653388 18257 2512 1 29.25
29653389 22134 3848 1 4.93
29653394 18248 18247 1 12.65
29653395 18244 1971 1 25.11
29653396 18277 2100 1 12.12
29653397 22145 2939 1 8.38
29653398 3022 22150 1 3.12
29653399 3053 3022 1 5.9
29653400 22152 18402 1 24.12
29653401 22152 22151 1 17.25
29653402 22151 18398 1 2.92
29653403 18398 3053 1 5.45
29653407 2881 18292 1 25.67
29653408 18293 2881 1 1.7
29653421 18334 18332 1 5.0
29653422 22175 22174 1 6.97
29653423 22174 18129 1 18.95
29653424 22175 18124 1 6.22
