432 584 33
19678
20028
19752
19969
19755
16267
20001
19993
16280
16281
19732
19742
19685
19749
19754
16271
20027
19990
19992
19750
20023
20021
19964
19999
16266
19973
19698
19734
20005
16284
19952
20018
19745
2524 2023 16280 1 34.61
2525 2025 2026 1 25.65
2526 2027 2028 1 6.52
2527 2029 2030 1 8.09
11846 9220 9221 1 18.4
11864 9250 9251 1 4.37
11877 9271 9272 1 33.94
11886 19700 9287 1 47.05
11887 9287 19734 1 34.52
11910 9323 9324 1 6.16
12781 9970 20010 1 11.9
12854 9985 10027 1 10.94
12857 19635 10027 1 18.51
12879 10043 10022 1 8.55
12882 10045 9991 1 11.24
12883 10045 10043 1 1.85
12911 10059 16283 1 2.76
12912 9963 16283 1 42.02
12914 19674 10045 1 8.65
12917 16283 10069 1 1.91
12918 10069 10059 1 6.17
12951 10043 10096 1 21.81
12957 10101 19674 1 18.92
12971 19678 16285 1 10.99
12981 10120 10108 1 3.61
12984 19631 10120 1 0.9
12987 10096 16285 1 31.14
12991 16285 19680 1 6.81
13000 19635 10135 1 38.04
13010 10135 19636 1 1.97
13025 10096 10156 1 14.62
13036 19680 19681 1 15.98
13038 19681 10165 1 0.98
13069 2027 19631 1 50.47
13072 2030 9922 1 83.43
13074 10027 19634 1 44.98
13083 19634 2028 1 3.49
13085 10088 2027 1 32.08
13087 19682 10072 1 45.72
13088 10069 19682 1 38.39
13090 19663 2029 1 0.9
13096 2030 10207 1 37.29
13097 10207 10101 1 53.21
13111 19663 2025 1 3.87
13113 19636 2029 1 54.9
13114 10165 10216 1 19.5
13121 10221 10135 1 30.07
13156 19634 10221 1 51.8
13158 10243 10207 1 32.88
13159 10243 10101 1 47.86
13163 10069 10246 1 96.25
13164 10246 10120 1 36.59
13168 19685 10246 1 0.88
13171 10156 9221 1 53.54
13172 9221 10243 1 16.13
13188 10156 10256 1 60.99
13197 10216 19742 1 24.99
13202 19742 10256 1 6.44
13214 19742 10273 1 3.71
13227 9220 10283 1 35.75
13229 10256 10283 1 15.59
13236 10289 10246 1 59.05
13237 2028 10289 1 32.8
13241 9250 19685 1 94.98
13244 19682 9250 1 39.06
13256 2025 10301 1 38.26
13267 10310 10283 1 16.37
13293 10330 19732 1 5.51
13294 19732 10243 1 33.9
13295 10332 10221 1 60.27
13303 10301 10330 1 42.34
13309 19738 10310 1 48.61
13317 10332 10347 1 4.11
13319 19732 19738 1 40.83
13320 10273 10349 1 25.06
13327 10355 10289 1 22.78
13328 10355 10332 1 10.2
13340 10347 2026 1 83.91
13344 10347 10365 1 4.5
13367 19686 19685 1 39.03
13392 10349 19743 1 11.49
13403 19743 10408 1 3.91
13412 10416 10355 1 12.84
13417 10421 10416 1 1.79
13418 16284 10421 1 1.42
13419 16284 10416 1 1.54
13423 10310 10408 1 49.93
13430 19686 16269 1 35.36
13439 10365 16270 1 31.0
13440 2026 16270 1 69.43
13442 16269 10438 1 44.07
13443 10438 10421 1 14.41
13457 19687 19686 1 19.99
13468 10455 10301 1 46.91
13469 10455 10330 1 45.72
13499 16269 10478 1 19.18
13500 10438 10478 1 23.74
13506 10482 10455 1 10.66
13507 16284 10483 1 28.21
13516 10490 10482 1 3.22
13517 10408 10491 1 34.0
13520 10494 19687 1 38.71
13522 10491 19744 1 5.8
13531 9251 16267 1 69.25
13532 16267 10494 1 4.08
13533 10494 10502 1 2.9
13534 10502 16267 1 2.03
13537 9251 10504 1 67.99
13538 16267 10504 1 26.76
13547 10510 10511 1 5.42
13548 10504 10510 1 12.89
13562 10523 19687 1 27.37
13564 10523 10525 1 0.31
13567 10525 16268 1 2.94
13568 10478 16268 1 32.47
13570 10525 10531 1 2.45
13572 19744 10533 1 18.23
13575 19730 10490 1 22.4
13576 16270 19730 1 68.06
13588 10545 19730 1 3.08
13612 16268 10564 1 8.12
13615 10531 10567 1 8.23
13616 10567 10564 1 2.64
13633 19738 10582 1 68.76
13634 10533 10583 1 11.46
13638 19731 10545 1 8.67
13644 16281 10582 1 11.18
13645 10583 16281 1 6.28
13646 10582 19740 1 15.02
13648 10511 22490 1 83.69
13653 10564 10598 1 7.87
13654 10567 10599 1 7.29
13655 10599 10598 1 2.39
13658 10602 10482 1 73.16
13661 19739 10545 1 73.73
13662 19739 10602 1 1.58
13670 10602 10610 1 3.5
13671 19740 10610 1 13.3
13673 10612 19739 1 2.44
13674 10610 10612 1 1.57
13684 10617 19731 1 9.95
13737 19733 10617 1 42.09
13745 10667 10483 1 69.92
13755 10598 10667 1 53.41
13763 9272 19733 1 8.09
13764 16281 19745 1 27.38
13779 10689 19745 1 15.06
13783 10610 10689 1 34.7
13790 10502 10698 1 62.68
13791 19692 10698 1 0.29
13792 10531 19692 1 52.58
13800 19692 10703 1 4.51
13805 10599 16271 1 32.75
13810 16271 19694 1 0.8
13831 10667 10723 1 34.26
13836 10723 19700 1 1.33
13837 19700 9271 1 6.45
13843 10732 19694 1 26.9
13844 10732 10703 1 16.26
13869 10752 9272 1 29.9
13870 10753 10752 1 20.05
13876 10698 10756 1 62.6
13877 10612 10757 1 56.62
13880 10510 10759 1 78.4
13881 10756 10759 1 17.57
13884 9271 19734 1 27.57
13885 19734 10752 1 3.32
13893 10617 10766 1 65.99
13896 10766 19736 1 0.49
13914 10757 19736 1 37.59
13940 10766 10753 1 68.38
13945 19734 10803 1 27.04
13946 10753 10803 1 25.74
13968 16271 19701 1 62.85
13977 10827 10757 1 23.91
13991 10689 10827 1 63.39
14033 19736 10867 1 44.93
14034 10867 10827 1 37.67
14044 10877 10875 1 4.66
14046 10877 10703 1 82.49
14064 10803 19735 1 36.19
14075 19684 10877 1 9.2
14084 10909 10910 1 43.64
14086 10912 10909 1 0.55
14088 19735 10912 1 17.06
14089 10914 19701 1 34.58
14092 10910 19737 1 37.44
14093 10867 19737 1 13.15
14098 19737 10921 1 0.88
14099 10922 10914 1 5.21
14100 10922 9287 1 20.41
14105 10926 19684 1 8.42
14106 10927 10926 1 0.79
14109 19694 19698 1 63.28
14110 10927 10930 1 0.55
14114 10933 19735 1 11.57
14116 10914 10935 1 3.84
14137 16272 10922 1 6.44
14172 16272 10933 1 32.19
14175 10935 19698 1 52.95
14180 10909 10982 1 52.59
14181 10982 10921 1 16.46
14193 19695 10927 1 41.73
14197 10732 19695 1 87.57
14202 19695 11000 1 2.25
14219 19698 19699 1 17.79
14220 11000 19699 1 30.51
14231 10921 11025 1 46.47
14232 10996 19746 1 22.04
14247 11035 10912 1 36.86
14248 11036 16272 1 24.41
14254 10933 11036 1 44.63
14269 19707 11000 1 17.75
14281 19699 19709 1 15.88
14286 19709 19707 1 31.99
14291 19707 11070 1 4.2
14292 11025 19746 1 112.09
14299 10930 11078 1 41.48
14306 11070 11078 1 50.77
14323 11070 11095 1 5.42
14325 11097 11036 1 15.82
14343 11097 11110 1 3.25
14346 11113 11097 1 3.77
14347 11110 11113 1 1.28
14359 11110 11123 1 17.6
14365 11025 19749 1 48.07
14372 10982 19747 1 56.35
14377 11123 11139 1 8.35
14378 11035 11139 1 30.96
14384 19747 11144 1 5.95
14390 11144 19749 1 24.27
14401 11157 11035 1 38.5
14402 11157 19747 1 13.28
14412 16286 11113 1 11.29
14422 11139 11157 1 24.25
14432 19709 11178 1 23.8
14433 11178 10935 1 92.38
14443 11185 11186 1 20.25
14444 11185 16286 1 5.31
14449 11178 11190 1 3.45
14454 11190 16273 1 1.08
14455 11195 16273 1 0.53
14456 11190 11195 1 1.15
14459 11195 11197 1 0.5
14460 11197 11198 1 0.23
14464 11144 11202 1 22.29
14465 19749 11202 1 21.31
14466 11198 11203 1 1.06
14468 11095 19708 1 35.35
14469 19708 11206 1 1.02
14471 16273 19708 1 39.07
14472 19746 19760 1 77.3
14474 11095 11210 1 40.95
14479 11186 11197 1 49.86
14490 11206 11210 1 34.53
14514 11078 11243 1 41.18
14515 11210 11243 1 23.99
14532 11186 11255 1 31.28
14555 16273 19710 1 30.76
14559 11202 19750 1 25.81
14560 11280 19750 1 0.45
14561 19760 11280 1 147.48
14575 19748 16286 1 65.99
14576 19750 19748 1 43.49
14588 11280 11300 1 7.84
14603 19748 11313 1 5.99
14624 11203 19715 1 41.95
14625 11255 19715 1 31.07
14636 11313 11338 1 16.03
14638 19715 11340 1 4.02
14639 19710 16274 1 28.51
14642 11243 11345 1 32.81
14643 11345 19703 1 5.54
14660 11340 11360 1 5.12
14665 19717 11185 1 52.83
14673 16274 11345 1 46.8
14681 19717 11376 1 2.87
14683 11378 11376 1 0.95
14694 11255 11387 1 54.54
14695 11387 11378 1 3.58
14718 11407 16274 1 18.72
14719 11340 11407 1 64.67
14736 19713 11407 1 3.52
14743 19713 11426 1 1.87
14745 11300 11427 1 96.15
14748 19761 11432 1 43.27
14749 11432 11427 1 11.32
14755 11438 11360 1 45.35
14756 11438 11387 1 13.99
14774 19719 11438 1 5.07
14775 11376 19719 1 19.88
14776 11453 11438 1 4.5
14777 19719 11313 1 69.9
14784 11458 11338 1 35.69
14796 11360 19716 1 28.78
14797 19716 11453 1 19.31
14798 11300 11469 1 55.14
14803 19716 11473 1 1.3
14807 11426 11473 1 71.69
14816 11473 11484 1 2.76
14834 11458 11497 1 9.97
14835 11469 11497 1 12.54
14840 11427 11500 1 34.9
14849 19719 11506 1 33.85
14881 11500 11469 1 63.76
14896 11497 19754 1 16.48
14897 11484 19724 1 17.91
14904 19754 11548 1 3.35
14906 19754 11506 1 36.59
14932 11484 11571 1 37.78
14943 19703 19704 1 78.26
14945 11581 11426 1 41.55
14947 19720 11581 1 1.13
14951 19704 11586 1 2.01
14955 11586 11589 1 1.36
14965 11571 11597 1 18.88
14966 11597 11581 1 19.92
14975 19713 11605 1 69.43
14981 11605 19720 1 48.89
14993 11619 11432 1 57.72
14995 11619 11621 1 0.46
15037 19724 16277 1 32.56
15039 16277 11571 1 46.19
15041 11548 11656 1 38.61
15043 11658 11548 1 35.52
15044 11658 11621 1 84.25
15061 11656 11658 1 26.4
15077 11506 19752 1 56.73
15078 19704 11683 1 63.79
15079 11683 11605 1 29.4
15081 19752 19753 1 2.9
15085 11656 19753 1 19.77
15090 16277 11689 1 12.44
15094 11693 11597 1 33.55
15095 11621 19758 1 51.91
15096 11693 11695 1 0.36
15097 11695 11689 1 46.31
15098 19752 11689 1 40.55
15104 11701 11695 1 8.54
15105 19720 11701 1 48.69
15129 19758 11720 1 22.46
15140 11689 11728 1 11.77
15148 11728 16278 1 1.0
15152 16278 11738 1 1.01
15156 16278 11742 1 2.51
15157 11742 11738 1 2.05
15158 11738 11743 1 0.39
15162 19706 11683 1 21.0
15164 11701 11748 1 12.89
15167 11751 11720 1 10.17
15173 19706 11757 1 17.42
15174 11757 11701 1 56.95
15176 19758 11758 1 23.0
15179 19753 19756 1 48.93
15180 19756 11658 1 30.31
15181 11758 11751 1 10.43
15192 11748 16275 1 7.45
15193 11695 16275 1 23.04
15196 19756 11776 1 5.13
15197 11720 11776 1 42.91
15200 11748 11778 1 33.11
15206 11743 11784 1 8.72
15207 11785 19756 1 7.73
15208 11776 11785 1 3.3
15209 16275 11786 1 5.5
15212 11790 11758 1 20.11
15215 11757 11793 1 8.28
15227 16282 11790 1 0.9
15230 11742 16276 1 32.96
15231 11778 11793 1 19.08
15235 11786 11811 1 16.23
15236 11811 16276 1 3.56
15260 11793 22005 1 11.27
15261 22005 11827 1 1.17
15276 11786 11840 1 12.91
15277 11840 11811 1 11.31
15287 16276 11848 1 17.67
15289 11848 11784 1 29.2
15297 11743 11856 1 64.39
15302 19723 11778 1 42.76
15303 19723 11840 1 11.87
15308 11865 19723 1 1.35
15309 11785 11866 1 19.91
15314 11751 11866 1 57.79
15315 11848 19727 1 6.37
15317 19727 11872 1 1.36
15326 11784 19728 1 24.53
15352 19728 16279 1 5.11
15354 11872 11865 1 40.48
15362 19728 19727 1 34.86
15373 11856 21999 1 0.64
15387 11911 19757 1 28.68
15388 11866 19757 1 22.19
15396 16279 19755 1 44.9
15397 19755 11927 1 1.93
15398 11927 11911 1 13.49
15399 19990 11927 1 0.41
15417 11827 11941 1 49.42
15418 11942 11865 1 41.35
15419 11941 11942 1 1.25
15422 11945 11941 1 0.65
15423 11942 11945 1 0.96
15451 16279 11966 1 22.0
15483 11986 11945 1 20.88
15516 11986 19959 1 13.93
15519 11966 9323 1 18.74
15520 19755 9323 1 58.92
15532 19757 12025 1 40.43
15536 12028 11872 1 65.1
15547 19990 2023 1 50.14
15548 12036 11986 1 33.25
15549 12036 12028 1 11.62
15570 9324 16280 1 0.79
15579 16282 20010 1 100.1
15586 12028 9324 1 33.19
15590 19959 12056 1 13.66
15593 12025 12059 1 13.7
15631 20010 12095 1 37.28
15637 12056 12101 1 8.71
15642 12056 21879 1 24.68
15661 12059 12117 1 14.87
15663 12095 12119 1 13.95
15682 12036 19960 1 27.65
15684 19960 12134 1 0.93
15686 12101 12134 1 21.94
15709 12059 22000 1 47.84
15721 12117 12167 1 8.1
15723 12170 2023 1 35.73
15724 19991 12170 1 12.68
15764 16280 12200 1 28.81
15773 12170 12206 1 9.14
15793 19963 12200 1 16.14
15799 19960 12229 1 33.61
15801 12229 19963 1 12.1
15822 12245 12167 1 21.1
15826 12119 19993 1 28.3
15827 12167 12249 1 31.14
15828 12249 19993 1 1.19
15831 12252 19993 1 0.93
15832 12249 12253 1 2.07
15836 12252 12253 1 3.61
15856 12270 22004 1 0.5
15858 12253 12245 1 43.88
15864 12276 19961 1 5.31
15865 12134 12278 1 33.45
15869 19961 12278 1 5.97
15886 12292 12229 1 19.75
15888 12200 19964 1 19.17
15890 12278 12292 1 26.44
15902 12206 19964 1 56.5
15906 12308 12206 1 37.42
15907 12308 12270 1 19.42
15978 12393 19969 1 17.69
16015 20005 20003 1 25.63
16016 19997 12448 1 2.43
16017 12449 12448 1 54.91
16023 12458 20000 1 7.92
16027 19998 12465 1 5.79
16047 19952 12276 1 31.63
16075 19964 12506 1 14.6
16091 12518 12308 1 14.77
16110 12518 12533 1 3.57
16123 12506 12544 1 36.34
16135 12292 12550 1 28.18
16136 12544 12550 1 5.79
16184 19952 12586 1 29.66
16187 12588 12518 1 26.2
16192 12550 12586 1 52.81
16201 12533 12600 1 38.29
16211 12533 12608 1 18.02
16214 12600 20001 1 7.65
16215 12608 12588 1 18.29
16217 12612 20001 1 1.6
16223 12616 12588 1 8.36
16270 12616 12654 1 10.88
16289 12608 12668 1 15.26
16293 12600 12668 1 31.46
16327 12616 12692 1 17.5
16328 12506 12693 1 38.88
16339 12692 12654 1 28.88
16343 12692 12693 1 8.09
16348 12706 12693 1 1.68
16354 12654 19995 1 26.57
16355 12668 19995 1 9.09
16358 12706 12393 1 13.37
16368 16266 12706 1 2.7
16382 12393 19968 1 26.04
16394 19967 19966 1 9.47
16395 12544 19967 1 45.2
16398 12738 16266 1 5.01
16413 12738 21881 1 10.29
16436 12761 12738 1 7.18
16440 19968 19967 1 19.99
16502 12799 12761 1 19.19
16585 12857 12799 1 16.55
16592 19996 12857 1 1.07
16593 19995 19996 1 55.6
16595 19969 12868 1 26.46
16609 12449 12857 1 2.9
16610 19996 12449 1 2.6
16661 19973 12799 1 31.89
16713 12960 19973 1 7.43
16714 12960 12449 1 40.93
16716 19999 19996 1 30.91
16776 20003 19999 1 27.42
16777 13012 12960 1 14.39
16799 12868 19970 1 34.72
16817 13043 20003 1 9.56
16818 20004 13043 1 0.68
16824 13048 20004 1 1.25
16836 13055 20004 1 2.67
16909 13012 19997 1 32.22
16926 13118 13055 1 16.72
16929 19970 19972 1 24.9
16930 19972 13012 1 30.64
16954 13138 20005 1 3.91
16955 20000 19999 1 45.3
16956 13138 13118 1 14.27
16967 13118 13147 1 4.51
16977 13155 13138 1 2.32
16983 13155 20006 1 0.7
16984 12448 19998 1 8.89
16985 19998 20000 1 26.94
16989 13155 13164 1 14.79
16990 13164 13147 1 2.41
16991 13165 13138 1 7.85
16994 20006 13165 1 5.9
17014 13055 20008 1 25.89
17018 20008 13147 1 13.38
17020 13165 12458 1 21.25
17023 12465 13184 1 1.66
17040 20006 13197 1 12.46
17041 13197 13164 1 16.83
17105 20019 12458 1 16.5
17106 20019 13165 1 26.21
17181 12465 20020 1 36.27
17182 20020 20019 1 13.42
17220 13184 13322 1 33.51
17244 13338 20020 1 9.58
17247 13322 13338 1 26.54
17275 13361 13338 1 7.67
17276 13361 13197 1 42.5
17283 20018 13361 1 1.32
17294 20029 20008 1 45.59
17300 20018 13378 1 4.12
17331 20029 13378 1 45.34
17416 13463 20018 1 25.54
17430 20030 20029 1 21.63
17454 13489 13463 1 16.92
17458 13322 13492 1 43.41
17459 13492 13489 1 1.03
17460 13493 13492 1 1.68
17514 20021 13489 1 8.6
17530 13546 20025 1 0.8
17531 20025 13548 1 0.5
17532 13378 13548 1 42.0
17536 20033 20030 1 25.34
17538 13463 13546 1 35.73
17541 13554 20021 1 7.75
17542 20033 13555 1 2.22
17543 13555 20034 1 0.42
17546 13548 20033 1 15.44
17554 20025 13562 1 4.15
17576 20034 13579 1 15.85
17592 13555 13594 1 12.97
17600 13562 13601 1 10.07
17601 13594 13601 1 8.15
17627 13554 20026 1 25.82
17628 20025 20026 1 22.46
17649 20026 20028 1 6.02
17664 20024 20026 1 17.85
17685 20028 20027 1 8.72
17695 20022 20023 1 3.66
17696 20023 13554 1 33.82
17697 20023 20024 1 18.77
17721 19982 20022 1 28.65
29653197 21879 12101 1 1.17
29653199 21881 16266 1 11.45
29653282 21999 11911 1 29.66
29653283 22000 19991 1 0.44
29653285 19992 12245 1 6.09
29653286 22003 19992 1 1.21
29653287 22004 22003 1 1.77
29653289 22007 19704 1 3.54
